80
125
468.0,277.47,417.95,203.7,81.4,190.92,217.58,259.74,44.2,21.45,471.41,169.69,86.28,367.91,231.15,261.41,314.97,464.98,368.44,478.77,244.59,134.89,261.68,28.81,195.43,355.65,295.47,402.98,260.28,107.5,296.28,164.73,455.31,313.79,40.09,447.49,347.88,383.5,448.15,249.61,192.51,313.0,486.6,377.08,127.47,352.43,251.8,92.78,457.95,28.06,438.34,339.06,166.46,229.11,116.74,208.87,451.34,427.92,102.37,392.37,419.76,178.34,166.45,180.01,84.98,484.42,324.04,149.08,403.6,223.95,487.41,373.27,424.92,163.39,168.21,19.6,444.4,112.2,150.11,403.84,449.37,107.67,291.96,436.92,361.79,389.69,129.9,81.36,401.46,126.06,160.46,15.33,89.43,50.91,60.45,241.81,293.23,58.37,378.92,30.37,332.83,446.77,454.27,24.74,159.2,410.66,183.09,217.2,63.16,26.44,164.23,81.17,208.26,260.5,235.87,93.46,224.14,51.01,127.17,374.67,280.1,59.09,411.23,304.88,390.88
20,6,8,17,11,19,5,6,6,6,9,19,6,10,11,16,7,13,9,10,8,18,13,13,14,7,19,11,5,5,13,14,12,16,11,20,12,14,12,19,13,7,5,10,14,6,7,17,18,9,20,5,19,18,5,6,17,15,7,17,15,15,10,14,13,15,9,6,5,19,13,9,13,16,5,18,11,17,7,15,20,12,12,8,15,12,6,17,12,14,14,18,13,5,5,13,14,9,8,14,18,16,15,16,8,16,9,5,12,10,10,13,18,9,11,11,10,17,15,20,12,17,9,9,12
24.87,22.06,21.31,21.69,18.85,26.7,14.99,20.43,24.38,32.69,31.08,27.03,5.57,35.9,38.42,28.02,34.64,34.43,21.82,32.3,5.59,12.13,25.13,21.5,23.28,7.06,19.24,12.61,30.81,19.38,18.58,34.26,16.22,23.58,10.08,34.44,22.5,34.01,20.57,16.28,13.69,21.1,21.49,7.26,18.19,11.62,39.88,39.64,38.8,13.52,25.98,6.22,19.36,10.02,30.01,22.28,21.46,37.73,31.42,29.06,36.82,32.77,8.1,15.56,32.54,26.43,11.47,17.84,31.06,27.91,34.49,5.81,39.84,29.69,6.24,23.65,17.63,23.24,11.23,21.41
9.67,18.05,17.04,11.19,-6.89,9.71,-19.42,9.12,10.81,-8.34,18.58,-8.02,15.89,18.32,12.06,5.51,5.81,9.08,10.93,18.62,5.76,6.02,16.34,14.77,14.98,19.29,7.29,15.93,-15.45,17.78,-19.23,-19.93,8.32,-14.87,-12.09,-12.18,8.67,11.24,-10.66,-11.66,8.7,8.49,11.12,11.22,-19.41,17.6,-17.98,17.93,19.77,12.63,12.39,-15.45,12.98,-7.7,11.21,14.65,7.21,-7.6,-14.03,13.68,-5.59,-11.11,-5.44,15.7,10.23,11.85,5.83,7.98,12.18,10.37,-18.24,-18.25,11.28,-7.42,15.14,5.84,-16.74,-12.06,6.32,19.92,19.4,18.49,-10.93,-15.85,-16.8,9.99,6.59,-7.43,11.2,10.41,-7.67,17.15,11.41,-18.76,14.32,-15.89,8.44,5.81,-6.57,-9.88,-15.98,-10.99,-17.91,13.79,-11.31,7.44,-13.83,17.26,11.42,-18.25,11.72,-14.42,16.93,7.76,10.52,13.55,11.15,14.48,7.82,10.53,14.38,5.81,-19.18,-14.41,14.44
10.37,18.99,6.62,6.63,-7.19,5.44,13.11,15.89,19.28,-5.03,-17.93,-6.73,-8.83,-16.94,11.9,16.6,18.64,9.89,-6.61,15.7,8.46,-7.79,7.59,-18.34,-18.76,-17.5,-9.95,13.9,14.76,-19.69,7.22,12.7,6.35,-18.29,-10.89,12.18,9.3,-17.8,-9.18,6.84,16.07,7.87,-14.9,17.58,-18.5,12.59,16.07,17.68,15.72,-19.81,11.81,-13.41,-13.66,-15.09,18.95,6.32,-6.49,-17.77,15.72,9.13,-6.02,11.23,-9.92,16.51,-7.58,-10.92,17.6,18.63,-10.68,6.4,-19.94,14.64,8.31,16.97,18.82,11.65,13.59,-17.9,6.79,9.99,-14.62,17.02,8.86,9.66,14.24,13.19,-15.07,16.34,12.62,11.54,-12.27,-8.95,11.43,-18.03,14.92,5.64,11.46,-16.44,-10.08,18.06,12.19,11.36,12.62,11.27,5.54,-11.02,14.79,8.46,11.77,-9.54,-7.34,-13.92,-16.96,7.64,19.61,-7.59,-16.65,-19.53,-6.31,-15.79,-13.85,5.04,-7.87,-12.33,12.89
10.84,-19.68,10.43,18.34,13.07,17.08,-10.63,13.87,10.59,11.79,-6.43,-14.16,14.39,5.14,18.55,8.33,12.14,-17.93,19.86,17.73,17.04,16.4,10.06,11.13,13.13,17.15,14.41,-5.09,6.55,5.55,12.77,16.14,-11.99,-8.79,-10.94,7.71,11.13,12.93,-7.68,-6.26,15.44,9.4,17.65,7.42,7.45,12.45,13.17,9.77,-5.73,7.3,-16.24,-13.38,8.63,5.01,8.24,-8.43,15.06,12.77,15.15,-11.38,16.25,-19.19,13.67,-11.24,-12.34,13.74,-10.56,12.08,10.32,5.79,17.28,18.11,18.7,7.31,5.7,13.25,19.28,15.31,5.58,8.11,11.27,6.08,-5.97,5.88,19.27,17.58,9.86,14.86,14.86,-6.69,17.47,-8.67,-19.15,8.9,17.11,17.71,10.26,12.18,17.98,-17.55,12.45,9.91,17.58,-16.31,-14.87,-8.55,-6.05,5.64,-7.6,-11.02,9.09,9.3,-16.53,5.5,17.85,-17.11,7.06,-15.18,15.13,-5.39,-13.65,-15.4,-7.46,-17.27,-10.4
9.37,13.34,5.39,-17.1,7.47,-6.58,19.0,-13.12,14.12,18.54,14.53,8.5,17.49,13.32,12.24,18.46,11.0,5.51,19.48,-17.19,13.32,5.76,18.35,19.75,17.02,15.63,19.6,19.7,-10.34,-7.92,19.45,-16.81,9.2,-19.5,-9.01,13.5,8.74,-12.3,19.97,13.95,8.19,11.81,6.1,-5.99,9.64,-19.67,15.48,-16.31,-14.68,-12.31,-6.12,5.7,19.9,14.49,17.51,5.51,-16.24,17.98,16.66,13.59,11.79,7.94,8.09,15.74,-12.4,6.65,9.29,7.25,6.72,9.33,13.8,-8.49,9.65,-8.96,5.54,17.41,17.47,15.54,9.21,19.85,-12.88,7.4,12.62,10.96,7.81,18.99,16.62,-19.12,6.62,14.23,7.86,-7.69,10.41,-6.52,-16.75,-15.7,9.25,19.87,-12.64,-5.63,-7.82,8.83,19.57,9.99,19.43,-10.69,-8.91,-17.06,17.23,7.41,19.24,7.66,13.64,-12.19,-10.43,-8.88,5.61,15.95,11.18,16.73,14.35,19.13,7.68,10.45,16.79
18.98,9.78,6.49,14.01,-13.46,19.24,-18.74,14.18,13.7,13.83,19.45,7.12,12.3,-17.06,16.4,5.1,6.48,6.81,17.25,18.48,18.54,12.61,10.26,7.09,17.08,-19.44,11.11,15.37,-13.37,17.37,-6.72,-5.89,18.06,6.13,18.45,19.88,17.15,-16.62,-5.0,-13.09,8.48,14.14,-15.56,6.41,-15.9,-5.38,-8.66,14.07,19.9,5.72,9.99,17.74,11.13,-6.5,13.73,14.59,18.7,5.37,15.45,-14.98,-10.38,5.67,12.4,7.52,13.13,9.49,18.47,17.93,11.15,-11.98,18.26,5.27,-16.85,13.56,9.26,16.51,-19.0,6.26,-7.22,6.25,8.06,-15.16,-11.19,6.87,16.04,14.31,19.35,-13.74,11.2,8.51,12.44,-14.34,19.68,-12.56,-9.57,7.35,18.98,9.02,8.13,17.58,11.17,-16.72,9.4,9.41,13.91,17.49,17.08,18.45,-11.76,19.69,-5.73,5.27,16.91,-17.78,5.97,12.28,5.92,14.99,17.44,-11.54,-14.51,17.78,15.22,14.02,7.28
9.3,17.36,7.38,-12.72,-12.98,14.84,15.39,-17.97,15.61,9.89,10.9,-10.07,5.79,-9.67,10.78,7.09,13.42,10.26,16.42,-7.07,-18.36,-19.0,5.91,16.18,5.24,-7.72,12.07,-8.8,19.18,10.74,7.41,16.89,11.6,11.99,18.17,-5.05,-12.61,14.37,16.49,12.53,10.92,19.1,17.82,-18.35,11.91,10.43,13.32,-13.25,12.46,5.66,14.43,13.85,-19.88,19.44,12.64,18.07,17.69,5.77,15.01,-7.46,7.46,15.36,-14.48,8.69,15.08,9.4,18.42,-19.44,5.31,-15.08,19.52,9.55,17.32,-10.03,16.18,16.94,13.45,14.54,5.84,19.88,10.72,19.88,6.69,17.76,5.88,-13.48,10.68,7.8,10.3,9.44,-9.55,-16.72,-9.72,-12.64,12.8,6.13,9.19,6.66,-16.02,16.45,9.02,8.45,14.31,16.11,18.92,16.37,16.93,12.04,-9.31,6.91,9.85,-9.12,11.76,8.33,-5.14,11.44,12.64,16.11,10.27,17.3,7.56,13.42,13.65,19.09,9.49
-8.85,15.25,-17.31,16.96,-9.49,-5.42,19.54,12.3,16.62,17.79,18.2,6.48,9.43,17.61,5.14,-9.17,14.93,-14.22,13.03,16.91,14.84,7.01,14.18,8.0,8.49,-16.44,17.07,9.99,-7.23,9.32,12.53,7.29,-19.48,-13.13,14.14,10.61,-14.25,14.01,-6.47,14.68,-17.43,16.11,16.77,10.42,16.7,-10.31,-19.86,11.77,-18.59,-7.48,19.83,-19.3,-15.33,19.82,17.79,7.58,-7.84,7.41,13.85,-12.63,7.94,-11.79,16.51,5.9,10.77,9.24,9.39,17.46,7.43,5.07,12.7,8.68,-16.83,17.08,10.32,14.03,15.1,6.95,18.83,7.04,11.86,12.66,6.51,-9.69,16.91,8.75,-6.96,-7.23,-11.57,10.23,19.28,13.24,11.92,-15.62,-6.66,-19.84,10.11,18.57,7.9,12.92,-11.26,14.75,17.95,12.31,8.46,-6.99,-10.99,-16.09,-12.78,-11.1,16.35,-7.73,-7.25,-9.46,18.43,15.8,7.84,-14.5,5.97,-5.63,13.5,7.09,17.5,7.0,15.43
15.42,6.67,11.91,-9.92,8.12,-5.29,-8.59,-10.1,-16.02,-17.8,14.98,18.41,18.28,15.35,18.8,10.81,12.32,-6.75,14.62,-11.33,-13.9,8.92,13.86,8.84,8.51,-8.54,12.91,9.61,14.55,9.31,19.53,-5.66,-11.04,10.57,-12.18,18.76,9.63,12.56,18.2,-12.03,-5.51,-13.2,18.11,-19.53,11.91,-16.04,-13.42,-14.42,12.79,14.67,16.04,5.05,10.63,8.25,16.84,5.37,-15.14,-19.69,-11.92,-17.15,-6.72,14.44,15.63,8.59,14.28,9.29,7.38,14.18,7.27,10.56,15.69,9.05,-9.83,5.53,-5.13,14.14,8.23,-6.83,-15.32,-7.4,8.69,-11.68,19.36,8.48,14.72,16.17,17.1,15.21,14.29,17.61,17.31,10.98,12.4,9.77,10.95,16.35,10.09,16.25,14.29,-19.94,-7.06,-19.71,8.26,14.12,-10.2,13.49,10.99,11.33,7.89,17.18,-14.75,5.28,8.23,15.36,5.64,5.63,-13.21,-7.7,8.47,-7.79,-7.75,-7.61,10.66,13.46,10.46
9.62,12.79,5.91,-9.07,16.42,-12.77,13.63,18.26,16.03,11.81,14.91,11.22,19.5,-11.62,17.0,-15.59,-7.97,-18.34,-13.19,14.0,15.6,5.98,15.23,-17.57,9.66,-12.57,-17.51,6.85,-12.3,-17.68,-16.4,10.84,18.29,15.25,5.83,-19.69,9.67,7.16,-13.36,10.98,15.91,13.54,7.6,-17.59,-14.16,7.36,12.3,10.61,18.89,9.11,5.92,12.64,10.4,18.24,10.68,5.97,-5.19,-5.39,7.33,-6.52,5.41,7.85,8.78,11.21,-12.74,17.92,-15.81,7.65,19.03,-5.29,11.65,10.97,-12.02,19.45,5.7,-8.2,-15.2,-8.01,-7.69,-15.11,-12.27,19.67,-14.4,14.63,-16.57,11.57,18.24,9.02,10.5,11.75,9.14,-18.98,17.17,8.57,17.58,-17.3,-11.4,-5.78,6.48,-13.7,18.8,5.39,-19.57,18.66,16.82,-16.96,19.3,16.98,15.31,6.06,5.86,13.71,7.97,17.12,16.56,8.08,14.79,17.01,18.41,12.57,17.09,-10.42,9.5,8.65,15.09
9.62,11.78,11.82,-13.87,9.46,5.7,13.98,5.06,-16.53,-12.59,-13.15,-10.74,-7.42,-15.13,9.58,9.01,15.84,-14.18,-8.94,8.93,8.86,16.65,17.36,18.56,-9.81,12.01,9.85,5.02,18.58,11.68,15.82,12.96,-14.49,-9.99,-6.45,7.48,16.1,16.2,17.24,-10.35,-14.71,6.66,10.7,14.27,-13.51,17.2,11.94,7.42,-6.14,5.6,-10.1,9.09,-5.82,-14.39,-7.96,5.74,17.73,13.85,16.88,17.46,6.02,18.41,14.85,-19.15,-15.26,-10.56,10.78,7.39,11.33,7.05,15.54,-12.4,12.06,10.93,-15.62,16.83,8.21,8.4,10.72,8.58,16.94,-18.38,16.08,14.73,-7.94,-13.3,15.7,-19.45,-7.15,8.15,7.94,10.44,5.3,-10.09,19.78,-10.18,-18.81,13.12,9.4,-5.28,6.76,-18.17,16.01,15.45,19.03,11.85,-12.02,6.33,6.79,-7.96,13.51,16.86,-18.43,-8.06,5.25,9.65,-7.42,9.78,6.88,8.68,8.96,10.14,11.53,-7.33,16.91
7.12,6.85,11.85,-16.21,5.79,8.01,19.21,15.93,18.49,-18.55,-9.56,8.08,16.27,11.31,10.31,16.96,10.87,18.64,-17.02,-12.65,6.63,-11.32,11.32,-16.02,13.54,-18.36,-13.37,8.96,17.75,-11.92,-12.04,10.39,11.37,9.58,16.91,16.07,-8.07,18.96,19.52,9.66,-13.11,6.52,10.16,13.09,-13.09,8.94,15.48,12.64,-10.64,5.06,17.8,-19.65,10.09,16.58,16.01,13.96,11.67,-5.39,17.14,11.43,-10.61,5.21,5.46,5.61,19.79,-8.5,-10.93,18.89,19.52,16.73,8.83,-9.05,14.19,8.29,19.0,17.29,15.03,-14.12,19.66,15.4,-12.11,18.53,6.31,11.92,6.2,-11.72,7.62,11.26,8.1,-13.41,17.84,19.59,-8.94,7.49,-7.49,9.16,-8.12,13.17,-7.59,15.53,5.24,14.12,-10.19,15.07,11.78,8.48,12.27,6.26,19.37,18.57,-12.77,15.58,11.34,11.88,19.49,-11.38,-17.16,5.47,7.84,11.56,8.81,-5.15,11.16,-19.35,-8.5
19.13,13.46,12.46,12.43,5.43,16.95,13.19,19.05,-16.57,14.02,-16.51,18.57,8.66,18.33,13.35,-16.07,14.4,16.29,11.54,-13.61,5.08,-7.43,13.84,-13.3,-12.98,5.14,17.58,10.24,8.0,-7.81,15.19,14.12,19.35,-11.09,11.89,-14.53,-18.56,-16.57,-8.03,9.05,18.43,-11.56,8.2,9.02,-10.98,-19.29,9.07,18.71,-6.85,15.98,-17.27,14.73,15.29,-14.98,16.85,11.26,-9.28,5.74,12.1,13.82,16.98,9.84,13.69,19.46,15.78,19.27,15.03,16.08,-10.03,13.94,18.3,-7.44,18.55,7.35,-6.12,19.92,12.33,7.36,-5.44,-19.73,-5.18,9.27,18.99,13.41,14.41,16.95,12.69,11.18,12.6,15.51,17.96,6.18,11.83,10.51,-5.79,-8.05,-7.07,-10.52,10.36,10.96,7.19,18.83,-18.98,8.71,12.41,-8.96,15.61,6.73,19.88,-8.32,9.78,-16.92,18.58,-12.69,-12.91,18.08,6.32,9.93,-15.71,11.87,18.33,-9.29,-8.04,13.07,16.2
19.33,10.77,19.23,5.85,17.91,18.84,11.17,11.53,10.51,15.64,17.98,17.37,-7.01,-19.2,17.4,17.22,6.47,-14.12,9.84,11.16,6.44,14.87,-11.54,-9.38,19.09,8.32,7.76,9.83,15.36,-14.96,12.81,18.53,17.96,-9.6,9.13,15.45,5.25,16.1,19.12,-13.81,-16.47,9.94,-16.93,10.22,-18.11,-12.2,-16.98,-8.57,-13.98,17.6,-14.24,17.75,-11.75,6.54,14.81,6.49,12.0,12.39,-9.72,12.4,18.2,5.17,11.48,-11.43,11.99,-13.13,16.83,8.04,11.91,-9.37,15.01,18.19,-18.75,9.11,11.86,-7.38,13.72,19.44,-9.69,-16.84,13.68,8.96,-12.66,-12.08,10.78,18.21,16.4,-8.06,13.17,5.93,7.72,6.81,13.8,9.79,13.71,5.86,11.46,8.54,-17.04,8.94,-8.55,13.32,-15.91,-13.9,14.09,18.08,-10.56,8.67,-6.37,-18.82,-6.85,13.27,11.36,9.96,15.49,-13.04,13.52,-18.05,9.02,-13.68,13.35,5.2,8.21,-14.5,15.95
9.42,-10.09,-16.12,5.35,-18.31,-5.3,10.36,9.85,-17.5,8.27,-15.73,14.84,13.59,-15.51,-16.92,9.59,-10.81,6.61,-18.03,8.28,17.8,11.41,19.27,8.87,14.37,16.93,12.74,-12.65,10.27,12.59,17.67,5.53,-18.41,-8.88,-16.96,-6.48,-13.6,10.83,-12.14,19.24,-12.85,12.89,15.69,8.54,17.73,12.65,-17.77,14.21,-15.19,16.6,11.47,-17.07,17.48,-7.91,19.09,5.36,-19.16,13.88,12.15,6.97,-18.75,14.56,-16.67,-8.98,19.24,-19.23,-12.65,7.68,-5.57,14.21,-5.65,14.66,19.64,19.41,10.01,15.18,16.27,13.39,-17.26,12.2,14.53,9.29,-11.44,10.49,8.29,11.1,-5.87,12.96,7.15,13.85,17.0,17.82,-5.16,10.39,15.67,14.44,-6.61,-13.26,11.6,11.78,13.25,-6.81,13.6,-16.98,5.74,17.31,6.67,-14.47,12.28,17.0,9.65,9.93,-19.59,12.84,14.8,19.47,-15.94,-15.24,-14.66,17.41,9.18,18.08,10.98,14.8,6.32
12.46,9.2,9.77,5.78,15.7,15.74,15.33,13.2,16.02,13.42,9.01,11.17,-13.38,6.71,15.66,9.15,15.71,-11.27,7.33,-16.08,10.53,6.88,-5.52,16.15,-7.73,7.48,9.29,18.35,-13.27,8.65,11.52,9.46,-8.2,-10.31,8.89,-8.11,9.38,19.08,10.7,16.76,11.37,18.4,15.4,7.16,17.74,19.9,19.97,19.51,-6.78,-16.34,13.25,9.02,-11.35,18.47,14.31,8.82,19.33,-8.55,-18.36,17.31,-17.92,-6.64,-13.45,10.34,-6.42,8.85,6.43,-16.33,16.28,-7.93,11.57,9.56,14.93,-17.88,9.99,5.36,7.45,11.7,-14.69,-14.01,16.71,14.14,16.99,-12.11,12.39,12.83,6.39,11.93,11.84,-15.87,7.36,15.56,11.63,17.29,-7.69,-19.26,-19.95,-13.84,13.99,6.91,-18.48,-11.63,16.11,16.75,-16.45,7.13,10.2,-8.96,17.22,12.21,6.49,15.48,14.06,15.26,19.03,11.44,5.78,-19.46,19.52,12.89,-12.33,-5.98,16.52,6.95,-16.02
-11.23,-16.49,12.41,16.55,-11.54,-14.86,11.79,12.14,13.11,-8.21,10.1,8.38,5.91,14.64,-7.02,7.75,-6.47,15.8,10.41,6.56,10.71,12.38,-11.21,17.62,12.14,-10.32,7.8,11.32,-6.84,12.33,18.59,7.6,14.62,17.18,15.49,11.94,14.09,18.09,10.93,-6.23,-10.3,10.56,19.63,19.51,6.75,8.23,-14.16,16.45,9.16,-14.36,15.21,11.59,16.69,-6.8,-5.99,8.85,12.13,7.31,6.27,9.08,-14.09,-18.82,-6.12,6.56,15.46,19.16,-9.27,13.61,11.34,10.59,13.89,-18.89,5.19,17.96,8.94,14.35,11.84,15.98,-18.99,13.03,10.9,12.72,18.17,5.8,12.6,5.42,19.12,13.16,12.63,-19.82,19.59,-15.45,12.13,-19.82,-5.9,8.73,-19.06,-10.23,19.54,17.51,5.37,18.66,14.64,-6.91,16.04,-13.89,-12.71,12.92,-13.0,17.8,-16.53,5.18,-16.98,-14.92,7.45,15.72,8.51,8.32,-7.41,5.55,-5.61,10.45,13.99,-16.93,7.8
5.46,-19.48,8.81,10.89,18.29,10.65,13.35,13.23,16.49,-11.15,-17.6,-10.67,8.12,-10.19,-13.82,9.47,14.89,-13.46,6.22,12.42,8.44,8.24,12.41,18.53,-11.93,18.21,13.59,16.96,15.58,7.03,16.35,-8.11,5.14,-9.12,9.55,14.84,-15.17,19.54,16.68,9.08,7.38,-17.01,6.15,16.64,-10.01,-7.2,16.88,-11.07,5.36,-18.84,16.83,13.11,-17.24,17.43,19.48,-5.59,-9.74,8.44,16.62,-7.99,12.58,-5.11,19.22,-5.24,-7.98,-10.9,6.21,10.58,8.58,5.73,18.43,-11.69,18.59,-15.73,-7.53,-5.07,18.66,15.89,12.47,6.65,16.67,-16.77,18.96,-18.62,18.4,7.8,19.8,7.08,-6.28,18.77,-5.04,-19.84,10.27,14.51,-5.64,-12.02,-11.17,11.35,-18.61,15.89,11.94,-7.66,-13.46,12.98,14.23,19.58,19.94,-5.16,-6.76,15.65,19.91,-18.8,-8.45,8.24,-12.09,-13.64,15.98,-14.5,-9.46,19.56,-7.31,14.47,-7.13,14.49,11.28
7.76,-6.19,16.39,-16.83,-14.51,11.95,7.26,-10.41,-14.51,19.77,17.04,16.46,-13.92,-9.14,15.69,11.5,9.37,16.12,11.36,-16.82,-9.4,18.37,-14.2,-18.16,-5.98,19.29,-12.17,18.8,19.22,-9.88,17.89,18.47,-18.66,-8.08,16.4,11.78,18.57,10.07,11.9,19.89,-8.61,13.08,14.45,5.41,12.58,-9.22,10.14,16.84,-13.99,9.12,14.0,19.66,14.88,5.27,9.24,19.47,-6.51,7.77,6.57,18.76,-18.57,7.48,7.09,15.02,17.89,10.32,5.85,15.77,15.13,14.63,14.37,19.29,19.99,18.55,10.91,-15.85,9.55,15.39,8.39,-14.67,14.5,13.04,-9.08,15.35,5.26,18.85,16.62,-12.87,15.63,16.96,16.6,13.88,19.88,-16.82,11.7,7.57,10.89,5.44,15.41,11.85,-14.42,18.25,10.34,13.16,15.0,6.27,6.59,6.65,11.45,14.79,9.77,9.39,-5.27,6.74,19.66,11.39,-19.49,17.77,11.64,-19.94,12.16,5.88,12.36,12.68,-6.01
15.62,-18.57,18.31,15.77,-9.89,-17.34,6.51,7.06,10.56,15.89,17.57,10.09,10.24,8.97,-19.54,18.81,-14.39,-18.23,5.27,16.53,9.96,18.48,17.61,-19.96,-9.15,5.61,-13.68,16.14,-8.68,7.27,12.41,16.42,-5.06,16.63,-10.33,15.03,12.77,-11.53,17.56,10.41,16.26,13.06,-6.35,-7.37,19.96,-19.13,-5.89,-19.79,-10.33,-7.29,18.54,-15.41,-7.6,9.56,-14.82,16.7,-11.84,6.28,15.84,19.87,16.32,14.68,7.13,16.03,11.5,9.56,9.87,12.66,-10.52,16.81,5.61,-15.5,-14.31,-9.47,7.58,-16.71,-13.31,15.6,-12.13,15.2,15.32,8.05,15.48,-17.64,13.77,-18.59,-6.94,-5.3,18.4,14.49,15.91,11.8,7.24,-15.4,16.58,8.65,14.31,-12.69,9.28,10.0,8.32,9.7,10.11,18.71,9.14,8.65,-6.6,-6.87,6.81,13.28,13.86,13.6,19.9,14.32,11.83,-14.1,-13.2,11.32,11.36,19.33,-5.22,11.79,5.99,15.15,15.07
-9.08,7.43,15.3,-18.38,9.21,-15.58,8.44,-19.14,19.77,6.78,-17.73,-16.75,-16.02,-10.72,8.27,-17.6,13.63,-6.43,-5.97,6.34,-13.2,16.56,-15.07,14.2,5.57,12.09,14.1,19.43,-19.13,-16.77,19.3,-5.44,11.03,-17.72,-7.94,16.18,13.81,-15.99,6.01,-12.11,17.32,12.88,-17.77,-13.4,5.61,14.23,13.79,9.47,13.57,-19.7,5.56,13.19,11.5,5.5,18.78,8.67,16.33,18.14,16.18,19.36,10.48,-10.12,14.0,-13.07,8.24,6.08,13.76,-12.92,17.67,7.91,14.64,14.93,19.4,13.99,9.65,5.19,-8.6,18.75,16.29,14.59,17.75,6.25,-17.67,11.04,-7.7,8.84,7.93,9.16,16.88,9.01,-7.01,13.95,7.45,-6.13,10.81,6.96,7.74,-10.75,9.4,-6.31,18.16,16.25,7.15,-19.61,-18.93,11.26,-16.57,18.14,-6.8,6.74,6.07,10.08,11.53,-14.52,7.74,10.8,5.31,-12.34,13.4,-19.03,12.54,-14.12,-13.47,5.65,8.72
12.11,-13.05,9.3,5.41,-15.23,9.36,16.52,9.77,-8.18,-6.26,11.53,19.46,19.12,5.62,14.66,17.34,18.48,9.48,16.3,11.91,-14.29,15.05,6.8,17.33,12.42,-16.85,19.81,16.77,-17.82,-12.56,12.08,11.1,8.87,10.58,15.86,19.3,16.71,7.77,19.8,-18.5,8.64,-7.06,19.32,5.13,11.99,11.28,18.4,19.71,10.8,-16.8,-10.99,9.32,15.74,14.47,14.26,-15.14,18.74,-12.24,-7.69,-5.97,5.77,-6.34,11.19,13.35,15.04,5.14,11.98,18.24,19.08,15.05,17.15,11.6,12.41,-7.69,-14.03,-6.8,-8.97,19.81,-14.5,-7.36,-13.52,9.67,11.16,19.81,17.64,13.65,18.99,14.79,15.13,-16.79,7.43,-9.84,8.94,7.77,-17.34,18.42,10.38,11.65,9.09,18.68,-11.3,17.36,-16.8,7.56,12.82,13.5,6.17,10.35,16.13,8.47,13.27,-13.96,12.02,11.51,-9.92,-6.43,-19.4,6.19,12.67,-15.6,11.04,-5.72,15.1,9.39,-5.04
-10.48,10.76,15.31,10.47,6.28,5.06,19.98,9.81,12.98,17.12,14.32,7.61,16.4,16.17,8.4,6.35,10.39,13.19,13.28,16.38,9.97,17.14,-10.74,-9.37,17.43,13.3,5.43,-18.82,8.92,8.49,19.08,11.83,-7.7,6.88,18.89,-18.84,10.09,6.48,18.71,11.68,-14.98,10.16,11.03,11.01,11.05,17.36,-8.51,11.68,-18.34,-11.24,14.82,-15.52,5.14,17.45,15.6,9.95,9.85,16.56,9.52,-19.53,13.23,12.75,15.65,12.04,11.57,17.82,9.68,13.32,16.05,12.06,-15.42,15.77,-7.36,5.1,17.19,17.73,15.64,19.37,12.78,18.8,15.42,-11.38,7.57,8.66,5.47,13.01,-18.31,-5.42,6.96,-10.28,8.52,6.89,-18.06,16.63,12.11,15.03,7.63,11.38,-5.26,19.07,13.19,6.48,6.53,18.38,14.91,17.6,14.67,19.44,12.43,11.92,7.08,12.78,-6.5,-7.49,5.23,-16.52,6.21,6.36,-9.99,7.85,12.32,18.78,-15.1,19.55,-19.78
9.18,16.74,6.07,11.41,8.09,-14.18,-17.47,16.96,15.35,7.1,7.79,17.26,16.39,6.49,8.16,-9.12,9.2,11.8,12.9,9.88,-11.03,-8.21,19.35,11.11,7.22,-7.81,14.64,-6.51,7.74,14.66,12.11,-15.36,-10.59,18.67,7.84,-15.1,17.3,17.06,8.82,11.11,6.14,7.81,14.96,9.85,15.53,15.77,-12.84,-11.65,6.2,12.72,-6.55,13.8,8.06,16.16,14.17,11.55,8.65,-11.73,15.11,6.82,-18.47,-19.49,7.82,-6.48,6.94,15.41,-7.02,10.69,-19.56,13.56,8.64,19.01,-6.88,-6.36,17.75,-17.77,14.63,-15.14,-16.17,11.76,-12.98,10.69,5.73,17.91,18.72,15.15,7.78,-11.75,19.26,15.7,16.31,-5.17,12.05,-7.54,-15.89,12.79,17.16,16.47,-15.04,-9.64,7.99,16.31,-7.36,15.61,19.17,6.85,6.26,9.03,12.95,-9.56,-18.78,-16.33,16.22,-6.14,14.03,6.73,6.42,13.01,12.27,13.75,11.34,17.48,13.1,8.48,10.7
16.21,15.36,11.35,19.9,16.05,17.88,8.99,15.71,17.67,14.28,14.12,-7.46,-19.62,5.61,7.37,5.5,5.72,16.11,11.44,17.82,10.11,-18.62,-19.35,16.25,9.74,13.05,13.93,14.58,-12.09,15.2,16.32,-15.98,-12.92,8.36,13.29,18.46,13.94,9.98,13.57,19.15,-5.0,-18.43,-7.58,19.03,-18.5,-16.88,15.59,17.8,18.56,-16.19,-12.89,18.48,14.15,-8.5,-12.85,-19.41,-15.24,11.72,-12.46,6.46,-18.78,13.13,11.7,15.27,18.52,17.34,6.94,-17.06,12.25,7.77,9.04,11.51,-14.06,5.39,19.65,14.26,9.99,-7.72,13.65,19.6,-5.62,-8.94,9.4,12.73,9.38,8.9,16.55,-14.31,15.89,-19.07,14.77,5.69,-17.62,19.67,14.9,-6.26,7.54,8.25,8.92,-19.31,-12.83,7.99,7.21,14.83,12.53,16.33,14.91,19.16,12.81,17.45,8.66,8.48,8.92,5.19,14.58,16.66,-15.41,-15.44,13.35,-7.94,6.68,5.79,8.16,9.81,5.36
-12.45,18.02,19.89,15.68,5.86,-18.13,12.33,-9.5,-12.04,-6.91,17.85,11.87,15.15,-19.17,-15.74,15.85,-11.11,-18.32,-18.86,-16.38,8.14,-17.39,14.91,-10.84,-16.51,13.11,-10.53,-13.05,-17.75,-10.84,8.16,8.95,10.12,-8.36,-14.37,7.95,5.21,-13.72,15.95,17.35,10.47,-11.53,16.28,-10.72,12.54,19.56,-17.98,8.96,9.74,12.69,7.88,17.62,13.64,7.58,10.08,-12.1,-6.8,-13.69,15.92,14.18,10.05,18.72,7.52,8.06,9.64,5.8,6.24,16.23,-13.48,16.67,-15.6,6.78,5.82,8.86,13.22,13.18,18.19,17.44,12.79,7.51,-5.74,16.0,-19.76,-8.48,-8.02,5.17,18.89,-5.33,9.23,-10.18,-6.21,13.11,16.72,15.97,-13.13,10.8,-10.83,11.92,17.33,19.02,17.71,18.79,-12.79,-14.12,10.3,-19.58,15.67,-7.71,9.46,-19.22,11.66,7.91,6.53,11.0,-9.85,8.06,8.93,-11.77,13.86,18.65,-12.07,-19.19,-19.45,11.8,-13.69
10.48,5.86,19.74,-13.69,-9.28,13.3,-8.67,7.81,7.33,6.69,12.89,13.67,8.69,12.65,16.16,12.9,18.78,8.33,9.8,19.69,-14.88,10.99,9.76,10.76,-16.25,9.56,-15.99,10.52,14.72,-19.76,8.46,9.65,17.46,16.18,8.85,18.61,-16.84,12.72,-18.74,-13.98,16.32,-15.38,-6.52,-8.64,14.1,9.58,16.57,10.24,14.33,6.58,-17.86,12.14,16.47,-6.15,15.28,-7.27,5.94,16.86,11.36,9.44,-17.31,5.8,-13.49,-18.26,-6.18,7.66,-12.72,-13.53,19.56,16.73,-5.81,13.89,16.37,15.66,-18.76,12.41,10.83,7.48,7.28,-16.98,10.87,13.02,18.86,-14.74,-19.82,-6.93,-12.0,7.79,7.5,19.4,-7.85,18.11,-14.0,-17.02,17.11,-15.61,10.64,-5.45,18.01,13.51,-7.81,-5.57,19.61,-9.54,-16.74,9.35,10.29,9.67,-14.94,-10.93,19.42,13.17,19.85,15.79,6.1,-17.07,5.08,15.7,-15.45,14.29,-13.48,15.05,7.11,-12.59,-16.42
5.23,6.6,11.69,18.4,9.45,15.67,-8.37,13.16,14.04,15.63,-15.74,-12.14,19.83,-19.66,-16.98,14.3,16.16,13.18,5.41,-10.63,11.0,19.65,14.35,-15.33,6.0,5.94,5.26,-17.22,9.06,-19.21,5.04,9.17,13.72,-19.06,15.72,19.9,16.48,7.29,12.23,-17.08,-16.56,18.49,19.01,16.75,7.54,13.59,16.02,7.93,7.46,-11.07,5.51,8.18,17.22,-17.57,9.56,19.86,17.99,-19.47,14.28,-17.0,19.71,-16.86,-9.84,8.86,9.75,15.56,18.47,-6.04,15.89,7.49,7.88,16.14,-17.9,13.47,6.09,6.98,13.92,-14.71,5.41,12.84,-14.25,15.08,18.98,16.41,8.12,10.27,-15.69,-12.65,16.77,-18.28,10.07,5.79,17.03,17.52,-15.08,-8.26,-6.83,19.65,-10.05,16.86,-14.71,-10.1,14.47,16.62,9.4,12.43,14.47,13.38,-10.64,-15.77,-17.79,-6.94,16.07,-7.09,7.96,5.85,17.82,8.05,17.33,14.48,-6.75,12.33,6.53,-11.96,-19.64
-11.96,-13.11,-14.39,18.49,11.63,5.98,8.4,-20.0,14.84,19.17,18.69,-10.22,-8.06,14.49,16.76,11.2,6.01,-16.36,-8.15,15.72,-19.46,8.58,11.16,8.35,-17.62,16.02,9.97,-14.77,-19.51,-17.03,12.59,17.68,-12.81,9.19,-14.36,16.19,17.52,6.73,10.16,-18.57,-6.58,19.69,13.97,-11.04,-7.71,-18.87,-7.83,-13.36,-9.29,14.24,6.06,-19.42,11.72,17.32,14.27,6.41,12.45,16.81,-10.15,8.12,15.61,9.42,-16.83,8.44,-16.64,12.21,5.39,14.82,15.3,-5.71,8.77,14.28,-12.11,6.18,9.07,17.99,-18.38,10.48,-19.72,19.66,14.77,5.58,5.51,13.46,-11.08,-10.49,7.46,12.15,12.25,16.6,7.93,6.87,-16.72,11.39,8.1,-17.91,6.94,9.69,7.21,-12.38,-19.3,-5.18,13.26,5.85,5.78,7.78,-16.24,15.19,15.53,18.15,19.99,-14.63,11.96,18.35,15.04,7.12,-14.25,9.94,12.13,-5.24,8.62,12.23,13.5,6.57,-16.03
5.82,15.69,14.12,19.52,13.25,-9.78,10.37,8.9,5.12,13.22,-9.76,7.82,12.97,13.24,-12.32,7.07,-11.69,12.91,18.9,17.11,11.84,12.62,-5.38,-9.62,7.35,9.01,-13.96,7.63,9.62,-11.2,18.61,7.6,6.32,11.35,5.62,9.04,9.7,8.89,-15.16,-12.37,19.03,-6.69,11.11,11.64,5.62,11.7,14.84,15.82,8.25,-18.12,-9.3,5.02,11.7,8.61,9.55,17.47,10.97,9.98,13.67,14.99,17.77,8.49,19.55,6.32,12.81,-17.89,-8.53,18.49,12.82,17.34,11.96,13.39,15.91,6.16,-14.19,15.01,14.85,15.47,-6.58,18.64,17.49,-11.2,9.0,15.1,7.66,10.47,14.65,10.2,15.23,9.11,11.91,15.11,17.84,9.24,-12.96,-11.23,12.91,10.39,8.05,5.71,-17.05,6.85,-16.08,-8.18,-9.24,-11.37,-5.21,-14.65,9.8,-12.66,19.46,12.71,6.15,16.96,13.88,13.82,11.33,13.78,-7.07,6.54,16.52,-14.63,6.2,17.74,7.08
12.34,19.97,-17.15,13.43,11.75,-7.22,19.65,14.53,13.09,12.87,16.42,-5.95,-12.11,-18.37,8.5,5.36,19.36,14.88,-16.35,7.99,-16.78,9.57,-11.72,15.8,17.68,-5.28,-6.02,14.45,10.21,15.3,-10.0,-10.74,10.88,5.85,13.18,14.06,9.91,7.37,-13.71,16.87,15.51,8.51,11.93,-12.75,12.67,11.37,6.49,-19.55,11.88,13.58,10.92,-12.86,6.42,-11.38,5.04,11.66,6.5,-12.72,19.14,16.22,16.44,17.02,12.25,-8.16,-13.95,-18.48,14.27,-19.29,-14.09,14.05,-15.73,-12.29,6.8,5.48,16.2,-18.02,15.31,9.75,-17.82,10.17,12.03,12.53,9.36,9.71,-7.14,-8.34,-9.0,-14.49,-17.48,15.69,-13.22,-15.57,5.59,19.01,-9.47,8.74,7.94,-17.77,6.96,17.11,-10.96,7.82,15.99,18.53,8.21,8.75,7.54,18.93,-9.69,12.77,-15.69,18.54,-7.17,-15.72,-8.56,12.0,10.02,-8.87,16.78,17.2,-7.38,15.85,14.26,10.05,-15.76
19.36,8.17,7.96,18.06,18.5,19.29,10.03,12.28,12.32,-11.96,-15.83,-8.89,-19.6,19.78,6.58,14.06,-9.5,8.78,17.76,7.29,14.83,17.64,-11.34,9.75,19.63,16.17,9.27,18.15,6.04,6.81,15.67,9.57,15.04,16.89,11.49,8.65,19.17,8.99,-10.4,8.85,14.05,-5.6,10.75,-13.91,-7.95,8.12,-11.12,-8.8,18.72,-18.55,7.22,-12.24,13.86,11.23,-7.06,5.35,18.16,-6.62,5.35,7.08,17.25,12.15,10.74,16.78,-6.24,-17.81,-13.99,7.03,5.38,19.57,-12.87,-6.13,18.71,11.31,14.18,9.19,11.88,-15.8,-10.51,17.7,7.02,11.65,5.13,19.08,-14.51,17.7,14.97,16.28,7.74,12.02,6.16,11.53,13.58,5.66,18.7,-17.15,16.56,7.43,19.11,-19.54,16.69,12.8,6.09,8.65,8.28,8.91,-14.33,16.19,-11.5,19.1,15.37,14.57,9.54,6.53,8.16,11.86,13.91,-11.45,-5.4,-17.16,18.56,8.76,16.52,-15.01,19.79
15.76,10.97,8.45,13.26,15.62,7.62,12.08,14.58,-17.16,17.19,18.94,19.13,-17.91,19.83,17.67,18.2,-18.46,14.06,-9.39,7.22,18.48,10.55,-19.56,6.1,-16.68,9.11,18.32,9.07,14.79,18.06,9.88,12.17,16.74,-18.43,-9.06,13.24,10.54,-9.52,6.92,-16.22,5.56,-19.36,18.26,6.37,16.89,13.39,7.99,19.11,14.5,19.91,16.2,6.15,7.27,12.44,-16.08,9.08,14.17,14.63,11.21,10.12,7.18,6.45,8.42,6.08,9.12,7.96,12.29,16.78,11.94,11.44,15.02,18.0,8.87,7.6,-5.72,7.94,-10.39,8.25,19.15,13.59,19.51,11.12,-11.57,8.45,13.13,9.17,9.84,13.65,-7.18,17.89,10.25,9.34,-7.95,5.65,19.09,-13.18,14.35,16.03,19.5,11.97,6.44,-12.94,-18.45,6.58,13.34,18.31,11.37,14.03,5.56,14.81,-17.96,8.64,18.12,-12.63,-11.86,-16.48,-16.13,5.89,16.19,-19.33,12.85,15.98,19.01,5.71,16.35
17.81,9.79,16.96,15.98,-15.83,13.86,8.08,5.0,12.63,-18.33,-9.76,-6.43,-16.21,5.21,19.05,6.68,8.14,-19.78,-7.65,6.46,7.99,13.64,19.84,-9.35,16.03,5.21,15.21,11.97,10.04,16.07,-19.2,-14.36,-13.15,-5.35,-9.48,-13.18,9.16,14.34,-11.35,-9.24,-12.0,8.41,-17.18,9.41,-15.88,18.49,16.12,16.62,-5.52,9.99,-14.84,-6.97,15.5,15.25,18.35,19.53,-17.3,17.43,16.19,10.75,7.7,8.45,19.31,17.49,-6.9,-16.86,11.59,10.73,7.85,-6.33,14.78,17.05,7.95,14.39,18.73,19.18,8.55,8.36,10.65,16.37,11.6,10.01,13.03,18.45,6.91,-11.88,10.92,13.21,19.77,6.68,-8.27,-14.15,-5.98,-10.93,7.32,19.3,14.79,-17.61,18.71,-18.56,7.78,12.37,-15.12,19.77,6.19,-10.12,5.22,-19.15,14.65,-18.19,-14.77,6.95,-14.04,14.53,5.03,-12.79,-18.68,10.45,18.17,-17.35,-11.67,9.13,12.45,-8.62,8.9
-11.33,10.39,12.35,15.01,9.16,8.88,11.4,15.25,12.29,-6.84,13.59,19.36,19.91,14.36,5.96,15.8,18.03,-14.95,14.97,9.05,-18.12,-7.56,-6.37,9.21,16.93,13.58,-8.07,18.36,9.4,16.06,6.79,-6.09,5.93,15.28,18.53,12.13,-8.07,5.24,5.59,-13.04,13.31,10.06,13.58,18.99,14.95,15.96,-12.36,19.44,-5.76,11.87,16.12,-5.08,11.06,11.31,18.46,13.94,12.83,13.72,14.71,12.17,15.26,8.01,-13.54,7.34,-8.17,-10.27,18.62,11.46,-19.92,12.11,-10.27,18.22,12.03,13.13,19.4,7.23,18.15,10.03,8.66,-15.75,-5.38,8.76,-13.9,-12.95,17.59,11.37,15.74,-11.35,-10.38,12.6,6.47,6.23,13.74,-8.46,-7.41,7.87,14.22,-9.36,5.8,17.87,-15.68,19.58,9.12,-18.97,10.12,18.93,14.47,12.3,7.46,18.42,-18.75,7.0,9.64,-19.19,11.05,-6.81,15.2,18.24,6.12,11.13,10.13,-19.13,9.42,17.2,-17.34
6.17,12.03,15.54,5.18,9.21,18.96,-13.34,-19.18,7.52,16.29,5.88,-13.8,-13.46,9.2,18.03,13.77,19.35,-12.07,16.5,9.83,6.71,8.05,5.63,-12.9,-11.35,8.63,-10.12,12.75,15.58,-16.71,14.07,18.26,-16.59,10.87,12.32,19.82,14.66,-12.68,16.96,17.83,8.86,14.34,-10.14,9.27,11.17,-16.68,-7.89,8.3,6.45,9.71,7.41,14.55,13.3,16.99,16.16,-19.26,18.96,10.15,16.72,8.81,5.87,-11.03,19.44,7.32,13.5,11.47,18.46,14.2,11.22,8.87,16.73,5.21,14.29,18.23,15.68,14.91,5.99,12.47,8.01,19.85,-19.62,-8.97,-15.75,-12.43,-13.16,15.52,-18.31,6.18,-16.87,-10.6,14.69,11.42,-11.75,-11.62,12.82,14.24,18.17,-9.19,15.75,7.47,10.62,5.65,17.96,18.96,-6.95,19.83,8.47,15.04,15.08,-15.64,16.49,-16.55,19.19,9.51,10.42,8.65,7.76,16.17,7.2,7.12,9.99,16.14,-14.81,10.89,6.44
9.01,8.68,5.21,-11.59,-13.3,16.16,-17.61,-10.45,18.09,-19.43,11.24,-13.72,-9.57,11.38,-9.96,-10.1,13.93,-15.86,7.08,-19.63,6.44,-19.43,8.04,6.34,13.29,7.3,-11.76,17.52,8.96,-17.08,11.04,-8.86,16.9,17.69,5.19,10.27,14.49,19.99,16.38,5.63,11.14,-7.48,14.59,16.58,6.82,13.16,15.18,8.27,-18.9,11.35,8.24,14.0,12.79,19.88,-13.42,19.15,18.51,13.23,6.21,-11.05,-18.61,16.05,17.68,12.62,16.69,12.24,-19.54,8.46,-12.29,-11.86,14.14,-15.16,14.52,-19.76,6.29,8.97,11.03,12.52,8.9,6.54,13.18,14.12,6.27,13.63,5.38,-14.96,18.11,10.92,16.44,14.24,6.1,7.76,18.92,13.58,-9.05,14.67,12.95,8.8,19.94,14.26,5.71,-6.4,-16.77,15.0,17.76,19.44,-8.5,16.31,9.69,7.86,13.75,-18.26,19.78,16.91,-6.52,16.8,16.44,-12.45,14.82,18.41,8.37,6.23,10.66,10.03,8.39
12.1,-16.58,7.72,-14.22,-5.17,6.56,18.45,-7.16,5.95,5.97,10.16,13.14,-13.07,-15.53,11.58,13.3,18.6,14.64,12.74,18.47,12.93,-14.72,11.29,13.22,12.79,-17.71,5.42,-9.12,-19.79,12.03,14.93,-7.85,10.39,10.84,-8.51,17.81,-8.59,14.87,12.55,-14.81,-17.41,9.85,7.93,10.18,14.22,15.55,-10.58,-19.09,6.69,-13.77,9.6,7.2,-14.95,6.86,11.92,15.85,16.04,17.79,19.59,10.09,-13.33,10.38,-9.9,12.32,18.74,-10.13,-17.07,9.15,12.5,10.49,17.83,13.55,-14.79,-11.02,13.71,13.84,-16.19,-15.01,-13.93,14.28,9.36,-6.72,-15.38,-18.75,13.62,-10.94,-16.52,18.33,7.36,17.25,12.52,7.65,-16.69,8.92,19.9,6.24,13.58,-5.36,19.56,5.48,-7.79,-5.25,-19.52,14.72,-13.62,7.06,19.62,-8.02,19.92,12.15,14.84,10.42,5.18,-14.68,14.75,13.68,18.21,-19.87,6.77,-5.42,-14.19,8.49,6.6,16.91,6.62
18.8,-19.8,16.61,-13.81,-16.21,-6.37,11.87,-9.68,9.07,-5.46,6.74,17.02,-5.76,6.59,18.74,5.77,5.61,12.3,19.71,-6.14,6.4,18.29,-18.41,-5.28,18.3,-19.89,16.4,-13.38,7.23,6.92,-7.52,7.48,12.76,8.97,-16.03,13.09,12.47,-8.62,18.79,8.73,8.78,-7.49,14.98,-18.28,6.03,5.44,-6.18,8.68,16.55,14.66,6.18,9.23,16.89,-12.64,8.91,11.51,10.98,-19.89,10.12,12.35,-11.44,16.72,19.03,7.97,8.94,-6.2,9.65,8.98,15.14,6.01,-7.2,8.11,18.59,7.99,18.8,14.58,18.58,-9.69,5.36,13.24,19.6,17.44,12.92,-15.46,5.9,18.01,15.61,-9.71,13.87,14.47,5.65,19.85,18.97,12.51,12.91,-13.01,-12.8,-16.85,9.62,10.59,-6.18,-10.26,14.33,17.41,-8.81,11.4,8.17,-15.99,-6.77,9.82,-15.15,8.27,5.64,-19.73,18.38,19.49,-10.95,10.24,-7.31,13.81,19.58,-5.98,8.84,-17.56,17.16
13.03,11.31,13.87,15.32,11.93,8.92,-15.45,9.36,18.97,6.53,10.26,6.06,16.32,19.79,-5.34,-9.56,-19.62,10.3,9.69,-19.83,16.16,-15.45,5.24,17.18,17.91,8.8,16.29,7.05,-12.03,18.56,11.02,17.28,6.51,6.43,-12.11,19.47,9.8,14.68,17.26,5.58,-5.24,8.8,6.35,7.42,-5.46,17.23,-18.08,-7.15,8.99,19.21,16.74,7.72,13.83,15.99,10.08,8.99,15.31,14.92,-12.71,-11.92,5.29,5.21,5.18,8.78,14.97,-18.2,17.66,19.42,18.0,17.5,7.42,11.96,-9.64,16.99,12.82,-5.19,9.82,16.12,8.18,11.23,12.51,18.5,11.0,8.31,13.81,6.21,10.59,9.21,-10.93,12.37,-13.3,-14.49,12.92,18.15,6.74,14.68,19.13,8.43,-10.05,-16.6,16.15,17.84,-13.02,-11.32,6.2,-5.01,16.69,8.56,17.59,-19.45,-16.44,-5.88,6.12,7.49,11.71,-9.39,-15.69,9.29,10.18,7.96,11.63,16.25,17.67,15.72,-12.19
-5.07,8.97,-16.2,18.59,19.08,6.36,-8.51,-8.08,11.45,-12.89,17.02,-17.02,11.09,6.18,6.76,-18.02,8.28,18.03,15.94,12.74,8.12,18.24,14.08,11.02,-17.15,-17.34,15.46,-6.05,13.13,9.47,-9.47,5.97,15.21,-11.43,12.68,6.48,13.41,15.01,16.7,7.98,-16.69,-18.8,14.18,5.67,9.67,7.32,18.43,10.67,10.95,6.92,16.08,-7.01,7.87,-18.75,-7.25,13.71,-11.12,9.53,16.91,12.82,-6.13,12.38,13.03,-8.74,8.39,9.31,11.71,19.67,12.16,5.49,5.84,17.9,-11.86,14.98,9.16,11.32,14.95,-9.35,19.31,-12.01,15.43,7.48,19.85,18.02,-19.07,18.87,-9.83,-6.4,-13.04,-18.45,-9.59,-13.6,-19.24,17.51,-12.43,14.0,9.7,8.76,7.51,5.04,8.96,-6.22,7.12,-17.42,18.35,7.98,11.13,-8.31,-15.09,12.85,-15.14,-18.17,-10.66,9.69,13.21,15.56,13.32,-17.27,12.74,-7.21,-13.21,18.23,9.36,-13.54,-17.14
5.89,13.95,-14.82,-9.15,11.31,15.93,-7.79,8.27,-8.5,9.05,-8.74,16.98,19.91,-10.98,8.85,5.03,9.91,17.6,8.27,6.92,13.89,5.45,-17.97,14.66,17.43,9.79,19.74,-19.65,18.56,8.89,14.1,7.02,-11.7,8.15,-16.95,16.91,14.89,-9.29,17.39,6.46,5.51,13.32,7.46,7.13,5.31,-18.93,16.4,16.67,8.18,16.73,-11.88,18.83,8.72,-18.12,-17.13,-6.63,19.14,9.06,7.86,-6.09,11.43,5.46,7.86,-7.07,-13.95,5.28,-18.83,19.86,10.96,14.5,19.29,6.86,12.86,15.42,-17.91,18.32,10.19,7.93,-16.95,6.57,6.43,7.33,6.62,14.54,9.55,-16.21,11.61,9.62,-7.69,16.55,-9.91,-11.08,14.67,16.46,19.59,10.06,14.66,17.03,13.23,-11.94,17.83,8.75,10.45,14.06,12.11,11.45,16.09,19.38,7.9,12.8,16.47,19.6,-15.62,13.69,11.28,-11.76,11.3,-7.53,-7.57,-14.49,17.7,-15.71,16.76,16.34,-8.52
19.09,13.82,5.34,5.91,5.42,-8.35,7.52,19.4,-8.95,7.76,-11.57,13.46,-18.42,-10.77,-13.22,15.91,6.63,12.52,-12.01,8.87,18.77,5.3,-11.6,6.15,10.92,6.07,8.11,10.47,17.61,-8.57,11.63,-12.82,11.58,6.03,-5.22,16.03,9.65,9.04,7.05,10.83,14.0,13.4,-13.26,8.38,18.62,-12.62,14.42,-6.33,18.42,-10.88,-8.5,19.31,8.97,-17.47,7.23,-8.05,-9.83,19.66,-11.53,-9.37,-18.45,11.13,11.83,-15.42,18.03,7.43,18.32,11.0,5.94,8.43,5.67,16.45,19.41,8.74,13.81,8.43,-18.14,19.56,5.39,6.8,-19.18,-14.81,10.81,10.85,16.38,-14.71,-14.15,-12.18,19.32,9.73,14.53,8.99,-17.42,5.86,-18.95,18.77,-10.52,5.06,12.25,13.18,14.21,15.08,10.57,18.76,-6.82,-8.41,9.3,-13.11,7.15,11.74,15.73,-19.49,-14.42,17.46,14.95,13.99,11.84,9.4,18.21,5.06,-15.74,10.0,14.73,12.89,17.64
11.43,-19.31,-11.41,15.28,-16.78,-14.97,5.21,15.81,6.79,-10.45,9.37,17.11,6.75,-8.55,13.47,12.74,13.1,12.54,16.4,-19.58,6.3,-11.05,13.27,13.25,15.68,12.23,10.04,19.58,10.18,-11.97,6.73,16.04,-15.6,8.39,8.74,13.18,-16.74,8.76,15.48,-9.17,-7.79,11.42,14.14,-16.04,6.08,11.93,10.24,7.92,19.15,-12.6,-17.44,15.54,-14.87,17.91,17.99,9.2,11.78,15.05,-10.74,-13.13,10.23,-7.31,8.06,5.47,9.54,6.65,5.29,14.84,16.53,9.64,17.83,-15.1,-11.73,7.4,19.47,12.38,9.97,7.12,6.32,-13.84,5.79,8.16,12.7,-16.72,13.41,12.54,10.41,6.74,8.01,-12.86,16.47,8.66,5.08,12.3,12.82,-9.58,14.05,-17.59,15.54,5.23,15.83,6.26,-6.99,13.04,6.95,-13.31,-8.79,17.07,-16.42,-13.31,10.87,14.31,8.34,7.86,19.78,6.83,9.71,10.49,19.33,7.26,19.19,-14.44,13.97,14.84,13.15
8.43,8.14,7.33,6.33,7.41,-11.39,10.06,-10.81,9.88,10.03,-15.28,9.17,13.84,-15.67,18.48,-17.75,10.41,16.23,-12.67,14.41,6.25,-11.7,8.91,-9.91,9.21,-15.32,-16.24,9.06,19.72,7.79,15.4,10.35,7.55,9.27,-6.97,10.4,6.62,5.73,6.34,14.38,14.99,8.05,6.23,8.59,7.03,-6.48,7.43,-16.04,6.32,14.46,6.17,-16.43,-15.56,11.62,-6.51,12.63,14.58,11.42,6.19,-11.54,16.05,-15.81,10.18,-15.37,14.3,13.49,-6.3,-6.82,-10.11,12.72,-8.02,-15.99,-15.96,8.31,6.59,7.89,-14.76,-19.86,-6.29,-11.18,-12.66,19.89,8.64,12.42,-18.85,13.54,10.08,-10.97,17.49,-18.98,10.81,12.6,-17.93,11.19,-7.36,-18.83,-17.03,6.39,9.81,-15.68,-18.58,14.38,15.03,17.36,6.51,5.46,-20.0,7.88,-17.21,-5.83,17.0,-6.76,-12.0,-8.89,10.14,13.14,-18.5,-13.71,14.26,-10.13,9.04,9.75,9.59,6.65,-17.72
-7.64,16.16,-11.44,5.63,-9.48,12.12,-18.94,-12.91,19.16,-15.96,15.88,18.42,-12.54,9.27,-10.15,-11.26,12.38,9.82,19.47,17.21,6.08,-13.37,7.66,-17.49,-16.91,12.13,14.39,9.81,-11.78,17.57,17.57,-7.99,15.09,7.52,-6.65,14.46,9.25,13.97,6.64,10.25,-19.66,16.96,17.75,11.75,-16.12,6.41,-5.07,14.98,8.08,10.97,17.02,-15.66,-14.64,9.64,-14.98,-11.86,16.81,12.31,13.07,19.48,18.25,8.39,7.65,-7.59,5.39,10.93,-16.15,-12.42,17.13,-11.36,15.53,-19.62,6.63,-18.27,15.52,9.45,14.28,6.01,14.97,8.73,15.88,5.35,-5.62,-16.15,7.35,9.92,-14.05,12.98,-16.71,18.67,19.63,-7.99,-5.82,-18.98,17.7,17.0,13.63,-18.86,-5.34,-7.2,5.52,7.85,17.0,8.63,-12.86,16.0,-13.85,12.56,-16.74,-13.19,18.64,5.2,17.03,5.25,14.06,-5.85,-18.2,15.6,11.19,19.66,19.15,10.46,11.12,-6.68,-5.36
16.29,-6.94,18.45,17.87,13.45,17.8,15.15,17.49,12.96,-14.34,14.6,-17.82,-10.34,-5.98,13.45,14.49,15.17,-14.04,-13.47,6.98,17.37,15.18,12.6,-12.01,-14.37,-8.49,-11.17,6.32,-18.1,11.67,12.62,6.38,12.53,7.67,10.31,-16.23,-10.94,6.4,7.15,15.29,-18.95,-9.62,17.4,7.13,14.38,13.86,6.41,-5.97,10.79,6.28,11.83,12.23,11.01,-18.42,11.47,-9.73,8.22,17.09,13.65,9.27,7.05,8.14,15.82,11.49,6.8,-8.72,-6.49,7.84,7.35,-5.15,5.2,13.04,19.44,6.09,-14.38,-7.64,11.14,17.09,13.18,-11.38,13.37,13.25,-13.53,-16.11,-16.87,18.38,5.63,-13.25,-18.76,12.27,-6.29,7.7,19.11,19.6,13.34,17.0,10.49,14.55,10.84,9.64,9.54,19.56,9.76,11.21,-18.44,12.62,12.17,14.31,-16.79,6.35,-12.23,15.35,11.04,13.45,-14.05,-17.43,7.53,7.35,14.55,-9.13,-8.22,6.37,-9.72,8.49,11.34
9.08,-13.57,-5.49,8.08,7.74,-13.55,6.62,13.16,-19.9,-7.5,-17.35,-6.9,18.31,-9.38,7.56,11.6,14.61,19.41,7.62,9.93,19.84,10.4,7.35,6.81,6.93,-19.55,-5.46,-11.38,19.39,17.27,7.26,-10.94,19.42,16.37,17.9,-19.28,-11.18,-7.87,-10.81,14.64,19.18,17.71,13.26,18.91,8.88,9.4,6.82,10.14,14.28,-8.93,-18.21,15.88,17.97,15.53,17.5,14.8,14.35,19.43,-14.92,12.55,-16.93,11.73,-16.39,6.84,10.61,12.86,-8.41,19.2,7.9,11.95,12.44,19.29,6.0,-7.04,10.86,-11.35,14.64,-18.52,14.79,12.4,7.28,17.64,-10.35,15.86,17.93,9.45,-5.45,9.42,12.28,7.09,11.87,7.99,11.22,12.78,16.54,12.6,-15.18,16.03,8.55,19.96,8.92,11.39,14.06,-18.72,17.91,-17.08,9.44,12.65,16.23,17.45,13.51,18.06,-13.89,9.54,-5.16,11.16,18.23,11.59,18.96,-17.6,8.2,8.2,16.41,-13.43,5.09
-6.96,17.9,-14.65,11.22,12.5,-9.4,10.08,14.91,-17.54,6.35,14.51,-13.15,12.88,11.35,8.39,12.65,12.39,7.77,8.17,17.19,5.46,11.83,9.79,14.02,8.72,9.66,-7.56,18.05,-14.56,10.32,13.39,13.24,19.23,16.02,15.06,18.37,-10.73,15.27,11.01,-6.46,5.42,-12.98,16.43,7.99,-13.81,-14.0,13.1,19.73,9.81,-7.69,13.37,18.45,-10.34,-15.92,-9.49,11.61,15.31,5.44,-19.97,19.58,19.91,15.79,-9.26,-15.69,12.82,15.45,17.48,-12.7,13.85,10.32,15.39,5.58,8.23,-9.72,-7.28,16.09,-10.5,15.18,7.64,9.2,12.32,12.68,18.95,16.61,12.73,-6.77,9.67,8.38,-7.76,11.1,-14.62,11.76,-12.48,19.85,15.28,7.47,12.12,16.23,-16.68,-16.84,13.38,7.47,-11.92,17.37,18.44,18.18,10.79,12.19,18.78,9.87,7.31,-10.5,-15.83,12.25,19.35,14.97,8.8,7.12,5.82,7.17,13.62,12.17,17.88,10.15,11.84
16.66,-6.11,6.98,11.0,19.38,19.02,10.31,15.72,19.01,7.64,6.03,7.76,9.19,17.66,-14.73,-8.61,-7.21,18.65,13.84,15.87,11.43,13.38,15.97,8.41,11.18,11.45,-18.91,6.17,14.01,7.75,13.56,-11.78,-9.23,7.31,19.95,14.23,13.73,-9.37,5.25,7.2,9.81,17.12,16.05,5.6,14.3,17.39,18.04,12.94,11.11,12.79,12.82,16.86,7.12,12.71,-9.69,16.43,17.3,15.71,19.54,7.46,-13.31,11.24,-5.13,5.64,15.79,-18.61,-15.22,5.01,11.34,15.51,10.67,6.4,8.6,15.95,-7.76,-17.59,11.56,10.2,-13.75,-19.29,-7.18,18.36,16.15,18.33,-16.87,6.55,19.82,16.94,12.19,16.23,6.86,11.88,-5.53,-16.67,15.79,17.05,10.51,10.55,-15.06,18.5,15.33,7.79,7.67,19.85,11.0,17.74,11.26,13.2,10.24,15.25,-19.37,-12.96,-6.1,-9.96,7.19,-11.85,16.42,18.68,-12.14,-19.4,13.88,-5.52,16.1,-9.02,17.88
8.82,-18.99,11.94,-15.86,5.72,18.38,-18.04,18.71,-11.77,6.82,6.94,12.93,-15.98,16.39,12.46,13.18,16.38,9.31,17.02,-14.63,-8.21,-10.1,16.04,11.53,8.13,14.99,-16.9,-18.1,16.83,-12.72,17.07,-11.78,7.63,-11.96,-17.5,16.61,13.64,7.45,-7.14,8.18,13.98,14.27,17.16,-11.87,14.93,-15.64,17.16,10.76,5.31,7.47,-15.19,-14.95,10.8,10.61,10.03,12.98,-13.59,9.64,16.09,10.83,9.86,-15.48,7.62,18.14,18.92,19.94,15.88,-10.94,-17.86,13.45,14.88,11.54,6.8,19.31,5.82,12.8,-15.94,6.85,15.37,15.89,18.82,17.27,5.6,5.26,10.73,5.87,13.56,-19.68,7.27,7.62,6.77,5.71,-12.02,-18.63,16.23,14.02,5.75,5.87,-5.17,18.15,-10.97,-8.38,19.66,-16.5,-5.47,8.99,-14.32,-11.07,-15.14,-6.38,9.18,-12.14,16.77,16.28,5.44,18.07,-18.93,-17.52,-14.68,15.53,19.3,11.32,16.49,-10.31,9.16
7.59,15.01,19.33,13.31,19.19,13.64,-9.74,13.62,-8.85,11.91,10.44,-10.28,10.77,-11.4,13.86,12.98,-19.89,-5.64,8.26,6.28,10.94,-14.98,14.78,18.67,14.15,5.8,9.43,-15.33,17.64,-15.99,10.75,13.71,14.32,15.94,10.48,16.88,11.8,11.03,18.39,13.58,11.1,-17.98,15.57,-14.28,13.22,9.06,-10.09,13.6,-9.02,-15.92,-7.18,9.48,17.41,8.73,14.43,12.92,10.27,13.04,18.51,-9.92,5.96,5.11,11.18,13.04,-10.01,-12.3,-13.84,8.15,16.87,-13.2,11.87,15.65,15.03,-7.98,10.33,16.98,8.85,14.83,6.65,14.85,10.55,19.58,-11.98,-5.15,19.12,13.65,-18.74,17.27,7.31,-17.8,8.73,13.76,16.84,-19.57,-11.57,8.89,8.13,13.29,-14.15,7.8,13.07,-7.72,-16.42,19.48,17.11,11.86,11.29,-19.97,8.09,17.17,14.53,14.79,13.84,9.31,10.67,15.01,8.29,-18.05,14.59,9.24,-13.83,18.06,14.0,-7.42,14.87
17.04,19.4,-11.36,-13.05,16.11,17.93,-17.52,-16.3,11.28,15.32,15.81,10.48,-8.87,13.19,10.13,-11.59,-9.16,19.89,15.52,16.56,-14.37,9.95,12.31,10.07,6.84,9.76,-11.63,-6.89,18.28,8.33,6.37,6.36,5.02,-12.4,-17.44,-19.27,8.82,-14.2,9.46,10.36,-18.85,6.0,7.09,19.83,17.3,13.73,13.64,-5.22,-10.43,6.18,7.99,6.87,19.24,6.29,-7.79,-18.61,17.84,6.89,-18.85,5.51,-11.35,16.16,9.86,5.35,18.98,17.37,10.47,-9.41,18.07,8.21,15.67,-8.38,-10.13,8.65,11.81,-18.82,8.7,17.24,9.76,-9.38,15.06,-18.0,7.42,14.73,17.01,-10.16,-6.39,10.27,-14.49,16.05,18.91,7.61,11.63,14.69,19.86,13.4,17.14,12.61,18.88,15.14,6.79,-18.53,-12.58,9.71,19.96,10.78,9.63,-14.65,-15.16,-16.86,6.0,-7.58,17.58,14.21,-18.84,15.62,14.23,18.91,19.72,15.92,-9.82,-12.68,-18.59,7.14,17.09
-9.66,14.62,7.25,-16.8,8.87,14.39,-5.27,6.38,-8.37,12.92,-16.82,13.01,9.2,5.42,-12.97,13.51,9.22,-8.8,12.76,17.09,16.31,-13.25,16.76,-8.0,-15.16,-8.87,18.87,19.36,5.35,-13.83,12.12,5.87,-6.9,11.62,10.25,9.1,-13.41,8.36,5.63,12.98,13.13,13.42,-15.42,19.01,5.98,7.13,-15.66,6.35,10.79,7.85,11.66,19.07,11.61,14.76,11.67,-9.74,19.52,6.04,12.83,14.5,-11.04,8.34,5.92,12.47,8.69,17.41,6.05,12.33,19.57,19.94,5.53,17.54,9.22,7.56,16.06,9.49,-11.49,10.5,6.42,11.7,-10.06,-18.25,9.19,13.14,-10.73,10.04,-18.6,6.58,13.52,-11.47,-10.47,-7.69,18.88,-10.81,18.04,-16.86,15.59,-12.54,-7.87,11.45,6.4,10.07,17.64,-19.65,12.87,5.63,6.52,-6.22,8.05,-6.62,-17.61,19.04,12.59,-12.3,5.8,15.22,7.0,17.49,-19.09,-5.97,5.61,5.05,-16.56,6.84,8.57
6.39,5.54,12.76,16.3,19.1,16.37,17.16,9.87,6.12,11.18,-10.95,-6.28,16.82,-15.01,17.53,-5.36,-8.76,10.88,19.06,13.61,12.52,12.47,13.69,16.5,18.48,10.44,7.25,5.13,-8.82,12.85,18.38,-6.5,15.71,-19.66,7.07,6.93,15.57,-5.35,19.86,-10.45,17.23,17.87,18.89,5.66,5.47,5.51,-12.28,13.66,6.77,-16.84,-5.68,9.0,-18.38,10.47,-9.64,-10.93,-12.37,17.63,6.55,17.2,17.17,11.65,-10.41,18.09,13.48,15.54,13.83,-17.86,18.15,12.61,12.96,13.82,-11.29,11.59,-12.13,-8.25,9.42,19.07,5.25,11.3,-5.79,-16.38,12.93,8.18,-8.47,11.4,-5.55,-18.29,14.41,17.26,-7.58,-17.84,-8.91,7.15,5.26,-11.13,-16.32,18.94,14.58,11.4,-8.57,16.52,-9.87,18.4,13.62,10.46,-9.08,-19.11,7.76,-5.5,-19.39,-15.46,19.16,12.33,-8.95,13.73,19.93,-12.79,-16.37,-12.1,17.31,17.79,8.57,17.79,5.61
14.29,-15.63,18.51,5.65,10.32,10.54,5.72,9.04,-11.2,8.75,-19.56,-17.43,7.81,15.49,-11.56,-9.21,11.81,10.62,-9.64,-9.96,14.75,-13.22,-13.3,17.57,-13.14,6.02,5.78,-17.4,-8.73,-16.59,15.26,-14.71,-5.51,7.59,5.3,10.79,9.87,-8.18,19.17,13.47,7.76,8.3,5.52,-7.01,-11.79,5.97,-12.8,9.6,-12.14,14.32,-14.07,14.38,10.14,18.55,12.32,15.64,9.18,-16.92,-6.37,7.27,15.96,15.3,-12.77,6.55,-15.86,7.25,13.17,-10.46,12.57,5.31,19.69,15.0,5.86,12.4,6.9,13.82,16.51,12.31,5.84,-11.87,-10.94,14.63,-12.22,10.77,9.85,15.43,-19.62,7.74,-9.14,8.67,8.05,17.57,-5.67,5.23,12.13,19.67,15.29,-18.27,6.39,15.79,16.14,-18.69,-8.47,16.57,-10.35,17.22,-15.67,-15.42,5.98,19.84,15.49,15.33,13.99,17.5,13.08,-17.79,10.59,-12.72,15.57,-12.82,9.02,19.0,9.3,14.02,17.24
-5.33,9.88,9.98,-9.2,-8.51,-17.46,19.29,-15.87,19.08,-11.41,-17.12,-8.77,17.21,17.81,-20.0,-6.94,-18.15,16.55,-7.87,5.05,10.28,-19.0,-18.08,16.86,13.45,9.51,9.73,9.26,12.14,7.39,-10.89,15.72,9.18,13.53,12.78,11.81,13.83,12.76,-13.29,9.09,14.11,-5.53,19.97,5.03,7.57,10.8,-10.4,13.25,13.27,9.02,16.89,9.24,-19.96,19.53,10.42,19.41,15.33,-9.66,8.34,11.58,12.7,11.48,-6.0,-14.92,15.01,7.88,12.73,-13.36,19.13,18.45,15.98,15.48,12.77,11.71,5.2,8.32,19.89,13.14,5.29,-16.41,-13.33,-15.82,7.59,-5.29,-17.39,7.83,15.12,7.35,10.84,-11.64,-17.37,19.75,13.13,14.32,12.45,11.97,-11.37,12.91,14.2,16.44,16.72,10.64,15.39,-19.91,8.54,18.15,9.08,10.43,5.97,7.32,5.9,15.33,-19.73,14.32,-11.86,14.17,19.97,15.45,7.84,5.07,12.61,14.93,-15.26,7.47,-19.56
8.53,-5.57,15.96,14.41,-18.62,14.81,16.0,6.76,5.43,18.88,-17.94,13.45,13.81,-5.67,9.62,15.6,6.09,15.43,15.55,18.64,17.45,11.14,-7.82,10.53,-8.06,16.09,-11.75,15.82,6.99,-17.86,11.58,-11.55,7.51,17.22,11.96,17.12,12.62,13.44,-12.71,-12.6,18.86,5.87,13.17,17.82,12.75,13.39,5.08,-11.81,8.22,19.65,8.81,14.55,9.33,6.6,-18.38,14.26,14.29,6.8,19.28,-9.84,-6.11,-10.6,15.72,10.63,16.53,10.46,18.38,9.1,16.05,7.84,11.51,-5.01,17.15,19.73,17.61,16.8,10.92,-16.58,11.52,5.29,7.27,-7.12,9.41,-11.53,18.8,15.58,18.3,-14.88,-15.51,18.68,18.65,14.91,18.38,-15.37,13.06,17.87,5.35,16.19,-19.53,19.47,6.87,7.86,5.79,6.89,14.63,11.95,11.82,18.93,10.33,11.61,16.73,7.08,15.58,-5.08,19.93,-16.53,-12.65,15.95,-7.62,18.4,8.76,-14.7,-9.47,6.6,18.59
17.73,10.31,-18.55,14.3,-18.84,5.5,12.25,15.11,15.21,5.95,10.71,14.6,10.06,10.94,19.79,13.59,18.0,7.63,6.21,15.82,8.53,16.93,12.91,-5.75,11.03,17.71,-16.59,-11.94,17.68,16.56,18.72,15.53,18.7,-8.68,-15.35,9.8,8.55,7.28,10.97,5.39,-18.62,7.98,5.1,16.55,7.6,18.34,14.27,5.9,-19.8,13.68,14.27,9.25,8.03,14.2,10.92,-17.82,8.64,10.77,9.85,10.63,17.02,16.12,14.28,-16.4,16.0,11.58,-8.8,17.14,12.97,14.59,5.0,8.74,15.91,10.29,-17.74,-11.01,17.09,19.32,11.34,18.28,-11.14,15.32,-10.6,11.97,18.06,12.3,-5.75,11.85,19.9,-14.12,-13.98,5.43,19.79,13.71,9.42,9.96,17.41,11.07,-8.23,7.22,14.39,8.05,-13.54,7.82,13.37,13.2,9.89,-12.69,11.12,8.89,7.97,-8.21,-13.63,10.04,-10.86,12.96,-14.79,7.61,17.07,9.64,-5.5,-16.83,15.79,6.65,14.99
6.78,5.98,-7.23,10.68,5.0,7.98,-5.34,-5.67,14.4,16.69,10.52,5.92,-9.18,13.38,12.88,18.83,13.82,16.54,-5.6,13.8,11.02,-13.3,11.01,-17.26,14.39,6.76,8.9,19.81,10.08,-15.01,8.31,8.5,-7.59,15.29,13.59,12.41,-8.03,16.44,-11.82,16.47,5.21,-9.81,-5.42,6.0,11.63,-14.78,-10.23,11.77,6.37,-14.91,-6.82,19.31,9.43,13.68,-19.27,-10.28,19.72,7.42,18.89,9.92,9.54,-11.72,-6.39,-5.96,7.23,12.6,-6.33,12.48,-8.46,8.95,12.51,8.55,19.19,8.11,7.38,11.08,13.03,11.91,-19.05,14.71,-16.19,-8.7,19.28,17.98,7.6,12.9,6.49,-18.25,-15.91,-8.73,5.54,-5.9,-10.48,7.13,-5.33,11.81,-14.1,-6.49,-5.85,15.73,15.62,-15.06,-6.65,18.72,6.38,5.7,18.55,9.55,6.94,11.82,-14.58,-10.09,17.88,-11.61,-12.09,5.58,15.3,-16.42,10.84,-16.31,-18.07,-19.11,14.88,13.48,-7.77
19.66,-15.32,8.43,-16.05,5.08,16.55,-18.58,-13.31,10.5,-13.29,-9.04,6.47,19.06,13.92,-13.3,13.21,8.03,18.49,14.79,-6.78,12.03,14.3,6.75,8.46,10.41,19.65,5.23,13.03,8.93,6.88,8.0,-11.64,7.32,11.59,-12.54,9.91,11.7,16.82,-6.98,13.75,-6.46,13.25,-9.95,15.85,-19.26,10.6,12.74,-10.23,18.96,8.25,5.3,13.0,5.67,11.56,-7.3,-10.02,5.86,13.76,10.07,-17.04,5.52,19.83,18.58,-19.01,12.37,-10.97,-12.07,12.36,16.14,14.13,-14.52,7.97,17.26,11.41,14.58,19.16,-16.5,13.46,12.59,-12.56,10.76,17.21,6.24,19.99,-7.53,9.67,5.37,19.8,17.09,10.67,-7.69,10.83,10.41,-18.01,14.08,16.28,9.74,9.42,9.8,20.0,5.24,9.43,-16.52,18.93,10.68,19.92,-16.03,-19.64,12.87,7.88,9.47,-5.53,-5.86,-18.68,15.48,14.17,15.91,6.1,12.73,-13.77,19.74,5.52,5.58,-6.36,19.6
16.21,-12.56,5.97,5.81,-10.98,12.67,-5.68,6.3,9.33,12.31,13.75,7.45,-9.93,-12.48,16.47,11.42,8.89,-19.82,17.75,-18.27,7.57,7.12,-8.3,12.5,10.51,11.65,-9.6,11.89,11.63,18.98,16.24,17.16,14.54,-11.98,-16.54,10.51,7.74,-7.38,12.94,6.78,5.5,10.46,10.28,-14.1,5.43,10.62,-8.5,16.82,6.21,5.89,-8.29,8.13,-14.53,8.41,14.23,19.24,-16.79,-12.62,-18.99,6.01,-18.03,-16.14,19.04,13.98,-9.84,14.74,5.44,-8.71,-18.01,-15.25,13.62,6.53,6.47,-9.62,14.66,18.28,-14.56,-11.81,9.8,18.19,-7.39,-14.91,-16.65,-5.5,8.83,17.96,-9.88,6.97,12.24,16.44,-7.13,13.16,12.61,5.31,13.88,7.74,10.04,19.97,-16.4,-13.6,17.1,19.63,18.18,-14.1,-10.5,15.86,18.33,13.84,14.38,6.94,18.78,-10.16,13.73,-14.9,-6.04,11.36,13.24,9.79,12.98,-14.79,-8.85,15.81,19.02,-11.64,9.7
12.01,15.59,-19.97,18.03,-18.36,-10.82,19.92,12.08,6.53,16.23,7.78,5.24,-12.63,6.89,12.32,-12.36,-11.59,19.09,19.25,-16.85,9.9,15.48,15.86,-7.55,-9.03,8.74,11.35,5.63,10.75,-19.7,8.74,-16.71,5.06,13.23,-17.05,11.31,8.37,-5.93,18.09,-7.29,13.12,7.21,19.7,12.19,-6.18,10.36,13.05,-7.29,6.57,-13.63,10.48,11.41,-12.17,-18.97,8.09,7.74,7.22,16.5,18.4,-16.95,7.07,5.09,15.85,-7.13,-15.09,12.7,-10.06,19.37,13.9,5.39,-14.0,7.25,-10.64,-7.31,19.76,6.34,-13.45,18.09,8.93,11.68,-12.51,5.04,-5.4,-6.95,16.56,12.04,-16.22,10.54,-6.75,-8.89,-15.42,12.7,-8.04,16.28,-8.76,13.6,10.51,14.65,11.88,17.16,5.53,6.31,-9.13,16.45,-13.38,-7.38,14.46,19.76,-18.62,-12.66,5.8,7.26,15.95,-18.81,-19.65,19.33,12.2,9.29,12.48,-7.42,7.56,14.82,5.16,-17.2,10.48
10.73,9.06,17.42,-11.43,15.36,-19.56,5.95,17.84,-12.46,19.45,13.37,8.36,17.67,-16.03,8.63,15.0,5.64,16.3,16.92,18.94,-14.54,9.85,10.26,9.77,-12.07,-14.65,19.7,6.81,-15.04,-16.35,7.41,-11.86,19.84,-11.7,18.73,-5.29,18.48,12.26,19.9,11.9,8.04,-16.57,14.13,-8.43,-19.01,8.04,9.29,7.44,14.23,14.55,5.48,11.44,19.48,5.5,-11.85,9.69,9.02,17.99,-10.31,12.47,7.7,14.27,6.94,-15.03,6.27,-5.86,19.44,5.99,18.55,-9.41,-9.41,9.32,9.15,10.27,9.66,-11.93,14.4,11.14,8.16,-18.66,9.56,-16.72,15.81,19.28,-12.85,5.65,-17.06,-7.68,12.59,9.51,19.4,18.99,-7.94,6.4,13.54,-10.78,18.58,15.29,5.5,10.91,13.23,11.27,15.06,-17.88,15.38,15.92,-11.64,5.37,-10.05,16.03,16.93,17.51,8.48,5.75,7.56,-7.24,-6.31,18.65,-14.87,18.64,-9.03,14.59,-13.46,-8.85,-19.21
19.47,8.71,15.21,10.22,-10.99,9.29,-12.38,-18.32,-8.44,-6.5,-10.6,13.89,-17.15,-14.62,5.5,19.96,19.21,-15.89,16.52,-7.67,19.08,-18.35,-7.21,14.16,7.5,-10.55,6.37,5.96,9.45,-5.46,9.3,-14.97,-13.25,12.82,13.68,-6.37,13.5,8.45,13.33,8.49,13.56,14.87,-17.8,-7.1,18.05,15.66,18.82,8.76,14.26,-18.0,10.41,9.93,5.53,19.8,13.22,18.48,-8.22,15.31,7.67,19.17,5.06,10.33,17.92,-14.06,6.24,16.2,-18.67,9.64,-6.6,6.48,11.31,-11.76,6.12,17.31,8.91,14.17,-14.43,-12.29,14.26,11.67,16.98,11.21,9.98,18.86,6.72,5.04,7.57,12.56,15.02,7.83,8.32,8.15,15.32,8.4,7.75,15.75,17.61,6.38,-17.58,14.9,5.53,-15.89,12.91,9.18,12.02,17.94,5.64,14.57,5.91,12.4,-19.49,14.58,-5.16,16.7,6.74,9.14,9.48,5.89,11.05,6.93,7.85,-10.1,19.24,18.45,-15.94
-15.12,14.13,19.76,13.12,15.72,19.3,8.88,13.63,9.87,-9.17,9.33,11.28,-19.94,9.07,8.32,-16.51,9.36,7.52,17.2,-12.04,-19.15,-11.3,15.25,6.75,9.35,12.91,7.52,7.69,-15.16,-14.12,6.79,18.65,15.19,10.34,14.46,11.29,-12.36,-13.89,-5.48,16.35,18.59,5.64,-15.12,15.11,12.78,8.87,7.97,6.55,7.25,-13.01,-8.93,5.19,-18.13,-8.25,-8.09,7.75,17.36,9.43,16.24,16.97,18.93,-13.15,7.26,8.25,-19.57,7.72,16.59,14.47,6.5,-16.68,12.15,15.87,-7.73,11.08,6.66,12.9,8.73,-11.14,15.84,-6.46,11.97,-19.64,17.73,7.68,-15.32,5.92,19.35,-18.66,7.59,12.62,10.22,14.38,14.8,-9.96,11.64,17.9,6.59,-17.16,14.17,-14.33,-8.73,-14.96,16.66,-14.26,14.93,-7.71,-16.46,6.42,6.33,11.6,-19.19,17.41,18.78,17.33,-12.81,-13.47,18.49,-16.26,-5.49,18.46,14.99,-17.97,9.03,-5.49,17.2
-7.6,-18.91,19.48,-10.24,-11.47,-16.32,-18.27,16.02,-19.14,18.74,7.32,13.19,7.09,-19.6,9.46,18.75,14.65,-18.27,5.82,-13.85,19.51,11.82,19.89,5.98,13.79,11.11,15.39,-14.05,19.53,11.76,-14.23,9.72,10.16,8.68,-8.46,11.81,-12.16,5.49,5.44,14.87,19.81,17.56,-10.38,5.16,-8.15,16.21,11.03,7.18,10.66,7.08,7.66,-15.56,6.13,15.82,16.07,-19.13,18.76,16.8,-16.57,14.78,-17.02,12.67,10.41,-12.89,5.6,15.23,12.35,14.78,5.32,19.01,-14.52,13.81,16.71,-18.37,-18.29,-16.76,5.95,11.65,12.63,19.69,17.6,11.42,14.22,12.6,11.91,-11.48,7.85,-5.45,7.03,17.59,-5.32,-12.5,-8.92,18.67,11.83,-12.71,-19.19,-16.1,8.53,7.41,-8.77,6.56,19.79,12.01,17.62,6.05,10.1,-8.08,-11.82,16.96,6.24,-8.62,5.56,-13.36,8.47,-5.16,12.5,15.29,-15.89,13.94,-19.57,12.04,18.85,-7.69,16.01
13.63,16.62,-10.63,8.14,11.47,9.86,8.83,11.29,13.41,-6.65,19.4,16.35,-18.8,13.78,15.61,19.57,16.23,5.34,17.06,7.35,-15.63,14.88,12.78,5.4,17.04,-14.63,12.02,16.78,-16.88,-7.05,10.47,16.52,-10.33,18.18,18.03,18.14,14.52,19.46,-9.51,6.09,19.77,-12.68,-8.92,13.28,13.86,11.27,10.76,7.62,18.5,19.38,5.36,-5.8,5.5,12.4,10.11,8.53,-6.94,16.51,11.28,-8.19,17.51,-7.62,-15.5,7.39,-5.13,18.5,-14.08,11.9,10.59,19.21,15.19,11.25,-12.92,13.46,-19.46,8.84,15.2,9.54,6.06,9.26,16.56,11.1,12.14,13.95,13.51,-16.92,-14.81,11.49,-18.18,15.53,13.6,16.12,7.04,13.48,-18.5,19.26,5.25,10.33,17.54,9.5,13.67,-6.72,-18.83,9.6,14.1,-12.71,-7.49,14.51,-11.74,-12.86,12.05,-15.22,5.57,16.31,-8.64,19.55,18.53,9.23,8.5,6.73,11.19,-17.7,11.09,-8.97,-12.33
19.25,-7.84,8.35,-16.2,-5.65,9.93,13.17,11.97,-12.99,13.57,-14.1,13.8,-6.96,14.77,-19.03,17.64,6.64,12.8,11.73,7.78,-15.24,10.49,-6.37,-19.27,18.5,-15.3,12.87,13.06,-17.24,14.5,17.55,-10.55,15.29,18.33,16.16,18.27,-9.82,-17.39,11.11,17.31,15.32,-7.75,14.72,18.6,17.11,-16.8,-12.83,-5.38,14.38,19.19,-11.43,-18.01,14.53,13.77,8.24,18.58,14.25,11.77,18.18,-18.4,13.87,9.18,-19.25,14.68,14.71,-7.3,11.94,7.68,11.7,7.55,7.36,6.7,12.11,-6.34,19.42,-6.95,6.03,11.88,5.51,-9.9,6.66,7.75,7.98,-14.36,7.73,18.96,10.02,6.99,16.64,11.41,12.47,-15.64,11.32,13.12,-12.81,16.23,14.78,16.3,-9.94,-18.28,11.75,8.45,11.47,-18.26,11.69,-5.23,17.3,-15.57,-15.32,-17.82,19.36,14.95,6.52,10.79,10.21,15.1,11.82,17.35,-8.41,13.93,-7.84,7.15,10.99,5.9,8.41
-6.63,7.97,16.13,-13.35,-10.88,-16.72,16.86,8.77,-15.9,6.6,-16.78,15.65,17.11,13.16,-10.4,5.1,12.38,19.56,5.12,-10.36,-18.32,6.88,6.62,9.27,12.91,-6.4,5.82,-8.6,-15.49,10.49,18.43,-12.62,13.06,-9.89,-18.35,7.74,-19.31,18.91,6.32,-12.9,7.42,14.36,14.22,9.87,17.2,14.46,-15.03,-15.03,-19.12,-10.75,-18.21,-7.78,-6.52,7.22,16.21,13.52,8.0,16.77,8.25,-6.77,6.13,11.45,-8.81,6.84,17.3,11.49,6.56,-10.32,-5.64,10.46,17.45,13.64,-11.52,11.22,-11.61,7.7,-12.36,7.81,-13.98,15.76,15.1,17.26,18.19,-18.49,8.26,7.58,-9.62,14.76,-10.74,14.4,19.86,14.68,-19.73,9.65,19.6,12.64,5.75,10.12,-11.89,7.71,5.73,14.53,7.2,16.74,19.19,16.49,8.95,8.82,6.62,18.93,7.14,13.77,17.11,-19.94,5.16,14.41,-14.75,-6.03,-10.97,-13.57,-14.9,-7.74,9.85,5.62,8.09
16.0,13.96,-13.9,-13.74,12.72,-17.43,13.31,10.76,8.3,-6.55,-17.42,-11.57,11.41,9.93,-7.06,20.0,13.84,8.07,9.25,10.09,-7.35,-14.27,19.85,-15.08,15.72,-6.44,17.08,5.18,10.9,-8.75,13.91,9.5,15.44,7.68,8.36,13.68,17.18,9.34,-5.67,13.74,-18.29,7.54,8.33,12.87,7.94,8.06,-14.22,-7.95,-8.6,-16.78,15.24,5.42,6.43,19.01,17.66,7.0,-7.71,12.82,15.11,-17.33,14.93,10.04,10.12,14.98,16.36,5.04,11.83,9.65,12.35,13.79,13.53,-15.32,6.28,-19.97,-10.88,16.55,6.02,10.61,-11.37,-18.63,8.49,-19.64,-10.91,8.79,-14.35,-8.14,10.6,16.36,8.49,-10.99,6.84,13.51,17.29,19.89,-11.86,15.07,-12.69,5.65,18.97,17.42,11.68,-5.66,12.68,-6.37,-6.57,19.62,14.85,-5.01,-9.78,9.94,9.4,-13.68,16.0,-11.04,17.13,16.42,-19.51,9.31,-18.18,12.83,14.45,10.5,7.82,-7.44,9.38
7.18,18.62,18.79,8.13,-17.09,15.47,-7.87,10.57,16.55,12.03,5.58,5.34,-17.18,18.0,10.77,10.63,9.43,17.09,17.79,14.18,-13.04,14.89,15.74,9.74,9.43,8.35,13.87,13.82,9.44,14.3,-9.67,19.42,13.23,11.68,-7.81,-19.95,5.36,8.11,5.98,18.01,10.8,-9.37,11.81,15.48,7.27,19.82,10.35,10.55,5.55,-13.13,-12.69,-19.42,14.93,16.13,12.67,-15.37,15.64,6.77,10.33,17.49,-17.72,17.71,-8.34,19.86,8.25,17.48,13.36,15.28,6.04,8.7,7.06,5.41,18.18,-11.71,13.74,10.21,16.12,18.8,11.9,-19.32,-13.06,8.57,12.85,-18.44,12.59,-15.39,-17.38,5.37,-5.98,-5.15,18.24,-9.75,16.1,14.48,-9.36,17.71,12.86,9.66,8.76,17.89,10.81,-10.96,16.99,-15.24,5.72,6.18,-18.97,9.77,15.93,12.77,17.56,18.58,19.05,-16.11,-14.13,-5.13,6.28,-14.42,12.28,8.72,-10.37,8.17,-19.71,11.59,-17.85
-15.7,10.31,-7.87,9.79,11.37,10.33,16.08,19.47,16.52,-6.68,-5.83,10.93,7.33,9.07,12.88,-14.46,7.67,5.44,-18.49,15.49,16.15,18.06,-12.5,-19.32,-18.04,5.87,6.48,-18.13,15.41,19.27,9.36,11.03,-12.9,-6.67,13.94,14.63,17.15,-17.24,-13.73,-9.32,8.23,7.16,8.55,17.13,-9.53,15.8,13.34,11.48,18.66,8.29,-14.89,-14.93,7.94,9.47,18.92,9.31,8.67,6.19,13.97,17.36,19.07,-15.29,11.06,7.19,8.16,-15.82,16.97,9.63,9.68,8.84,15.15,-8.36,12.15,13.91,-8.01,-11.3,6.79,-12.53,18.34,9.36,15.62,6.78,-6.38,-6.35,13.32,-6.57,6.77,14.2,6.71,-8.38,6.2,-9.48,16.31,9.94,13.23,-6.6,10.99,7.83,-16.84,-5.99,-12.77,-10.28,-18.78,7.67,18.6,-15.51,-15.27,-17.67,16.23,9.24,-8.99,16.52,-11.77,15.42,5.91,9.48,18.76,5.32,14.44,-9.96,15.05,8.84,-12.16,7.22,-11.65
9.99,-7.95,5.76,11.28,8.28,16.0,16.51,-11.44,8.4,-8.33,-10.38,5.6,15.7,6.31,6.06,-14.44,-18.27,5.8,12.74,9.53,17.3,10.6,-8.87,11.58,11.82,18.79,18.26,-13.69,-12.92,-5.24,6.71,19.95,15.24,5.58,-15.15,-15.07,14.96,5.56,16.42,10.28,-12.42,18.0,11.54,-11.18,-15.88,5.16,14.65,-10.25,-6.42,17.73,-12.2,-13.73,17.39,10.02,-7.6,18.47,12.74,5.5,17.78,-14.93,-10.39,-13.53,-8.71,-14.96,-6.86,17.04,8.44,15.54,16.01,11.61,-13.46,-12.47,16.13,6.7,11.08,-17.31,-8.84,16.3,13.52,16.6,18.75,13.44,7.46,12.48,19.05,17.92,9.05,-15.27,8.18,14.48,5.59,7.89,-16.38,-5.58,13.12,-16.33,15.78,6.83,18.83,11.85,-7.25,-10.48,12.46,-19.13,8.73,8.25,11.26,15.52,7.83,12.18,-9.37,-8.33,15.19,7.62,5.15,-7.3,9.38,-6.71,5.77,-7.73,-15.58,19.77,17.59,9.39,13.04
12.69,13.81,10.53,-17.07,10.33,14.75,19.23,10.15,-11.1,15.57,10.06,5.21,5.56,13.48,-6.9,6.86,-17.19,18.0,-5.02,6.87,-16.37,11.07,-13.89,16.25,10.77,16.75,10.78,-5.59,-9.15,-8.87,11.64,14.39,-15.45,8.25,5.98,17.88,5.02,-8.91,16.15,13.81,13.15,16.95,-5.02,5.25,5.85,-14.5,-6.07,-7.38,14.43,-8.89,13.11,7.21,11.63,-6.49,16.16,10.09,13.3,19.71,12.78,19.18,18.35,-5.8,-8.95,5.26,17.6,7.4,12.39,9.78,-5.9,12.58,15.3,6.56,18.81,10.41,6.39,16.13,-10.83,16.01,-13.36,-17.99,19.42,6.59,19.09,-5.51,-18.53,15.74,16.7,17.27,11.67,-9.01,-12.5,-12.93,-12.95,-11.03,-19.64,6.59,17.59,17.37,16.53,-8.77,10.33,-6.76,-12.99,15.32,7.37,-16.56,6.27,12.75,-14.03,-11.11,18.21,8.85,16.95,-19.56,11.89,-8.35,13.28,14.65,-17.7,18.53,-18.21,18.29,-17.4,7.07,6.64
19.64,6.85,16.07,9.42,18.7,-10.17,-13.28,7.46,7.24,19.11,16.78,11.73,13.41,5.77,7.34,-6.58,11.94,9.17,18.28,-14.7,14.23,-9.04,-9.07,7.12,8.12,6.44,9.89,15.03,-13.78,17.47,9.11,6.14,19.22,12.45,7.6,-18.64,13.25,7.24,-6.1,14.82,15.91,7.33,-7.22,11.53,7.64,5.21,16.97,15.66,15.67,-12.07,12.93,5.89,7.89,17.39,12.44,-12.83,19.25,8.29,10.57,15.38,7.44,9.97,19.19,17.77,10.59,12.76,9.51,-13.41,12.48,6.01,15.99,16.8,16.85,11.6,16.0,6.61,-15.01,-6.93,12.99,14.36,16.92,-13.27,16.07,11.85,16.21,18.05,11.5,18.33,7.14,16.22,13.12,7.94,5.89,7.07,-13.46,-18.86,-9.14,17.2,9.79,-16.64,6.61,-12.58,-18.62,10.02,18.4,14.99,-17.01,-5.74,-18.62,13.56,13.42,-7.85,12.07,11.98,-10.56,16.02,13.75,-16.54,-7.33,19.05,9.68,6.24,14.27,11.0,-17.0
8.42,5.68,-11.0,9.71,10.5,-19.41,13.46,6.96,18.1,6.32,16.96,-14.34,15.71,-7.89,-16.62,5.52,11.56,-10.43,9.07,13.42,-13.43,-14.93,18.8,12.76,-13.51,14.37,12.26,10.13,18.44,15.89,-18.55,9.23,17.58,16.41,14.12,-12.9,5.48,12.68,-8.67,15.17,6.15,9.65,-9.19,-18.48,12.46,17.35,-12.17,-8.27,-18.97,14.19,9.23,-17.78,15.34,-19.48,10.87,-5.89,12.71,6.64,6.72,8.8,17.88,15.89,14.12,9.86,-16.61,8.28,5.53,10.63,18.34,-10.93,6.29,7.82,8.74,8.88,14.49,16.82,-13.97,18.63,12.01,9.84,7.83,-8.79,-9.15,9.6,7.03,-14.9,7.97,7.53,16.46,16.97,7.26,13.05,9.54,8.85,15.93,18.76,-14.91,-5.66,14.77,15.96,19.52,17.46,-15.53,16.74,19.08,10.42,9.96,-12.38,-10.7,-8.61,15.79,5.09,-8.58,15.43,5.9,-11.72,6.44,8.36,14.7,-6.44,12.29,13.51,8.91,13.01,12.13
17.06,8.32,5.46,19.49,18.08,12.34,14.93,15.29,-19.14,18.46,-19.47,6.01,17.35,13.84,15.08,-18.78,-5.4,14.16,10.56,-5.54,15.47,12.92,16.57,9.9,18.37,-6.76,16.98,10.75,13.75,18.49,-7.54,16.97,5.19,19.16,18.62,15.5,7.29,16.33,9.74,15.5,11.4,5.73,16.09,16.25,19.88,18.39,16.06,19.44,8.99,19.4,-15.16,6.22,17.91,-18.9,17.61,-9.62,16.21,-14.74,19.07,14.56,5.81,-5.96,9.14,5.81,19.04,10.02,8.91,15.11,-7.08,-7.23,-12.18,11.8,-12.94,7.35,10.42,13.46,-17.95,10.05,7.22,11.92,-11.78,6.99,12.13,-15.87,12.75,9.75,10.75,7.79,19.04,-18.67,-13.93,11.64,5.04,-5.55,-15.34,19.23,18.77,-17.2,-12.08,7.15,5.37,-19.13,13.77,6.98,-7.62,-10.14,11.1,18.11,13.9,10.48,11.84,-7.04,13.51,6.62,11.61,-5.5,7.46,5.91,8.89,17.5,-7.94,19.48,15.69,19.13,12.64
-14.15,10.67,-9.14,17.11,-19.99,11.17,-17.5,5.11,12.31,11.43,-18.31,18.1,12.31,-18.64,6.55,19.23,6.53,-7.59,12.0,9.05,11.15,9.44,9.43,14.35,-5.55,13.53,-19.65,-11.56,11.18,-7.18,-16.61,14.6,19.29,11.44,15.87,-16.6,-18.68,10.29,18.48,8.71,8.74,5.08,11.02,18.43,14.11,-12.71,17.12,13.87,17.75,11.45,19.12,18.87,11.92,17.37,19.3,-12.45,15.76,15.9,-9.0,15.02,17.02,-5.48,14.61,15.8,5.42,10.97,5.8,-8.46,13.5,5.56,10.82,18.91,13.72,-9.23,6.68,-5.15,19.15,9.0,16.02,8.46,-6.05,-6.94,9.19,-12.86,13.65,12.08,6.81,-17.21,15.5,9.07,-9.16,11.02,14.6,19.17,5.97,17.4,19.04,10.93,6.48,12.93,5.79,12.09,14.69,7.75,13.85,-13.74,18.43,-5.02,7.85,-10.1,10.51,-15.99,17.58,5.08,5.14,17.83,-17.92,-16.62,13.89,5.0,-16.4,-10.93,-13.42,-10.12,14.58
-10.97,-15.5,-15.44,10.08,7.54,10.13,-10.53,18.23,13.51,11.44,-13.75,5.27,19.18,14.32,6.02,10.32,13.27,-18.7,7.25,12.49,12.94,16.46,8.27,-19.59,-9.56,-7.28,8.99,-15.89,11.42,-6.02,-6.03,16.53,6.1,16.8,8.95,15.53,-15.68,14.04,14.5,15.38,19.08,-18.64,-8.81,16.75,11.05,8.45,14.8,5.26,6.7,-13.92,18.46,17.44,-9.64,9.36,-19.7,6.8,6.5,-15.63,-18.08,17.69,8.06,15.52,7.15,-11.63,-5.02,15.62,18.66,13.22,6.74,20.0,8.22,11.04,-18.51,17.44,5.03,6.44,-13.6,12.16,8.26,15.75,5.95,5.7,-16.44,-12.38,17.07,12.35,-15.63,7.98,-6.58,12.82,6.89,-12.5,12.03,15.86,6.99,-17.63,-11.93,18.42,7.37,-5.22,-8.12,13.65,-8.19,8.8,6.24,-15.25,16.82,-5.71,18.42,-17.87,12.22,17.94,-5.6,7.98,-12.73,10.08,9.06,17.99,15.43,-9.34,-8.45,15.28,-6.65,12.46,7.19
14.62,9.8,8.63,-11.22,-10.81,-10.08,10.49,8.18,8.72,5.95,6.25,19.75,9.21,-7.88,-11.82,-16.97,10.66,-10.18,13.3,-5.53,10.94,18.12,6.13,11.65,15.28,5.87,7.09,-9.84,-18.14,18.17,14.84,-14.94,-19.1,-19.44,11.32,6.14,15.85,-15.53,16.66,9.6,6.62,19.64,-6.11,10.22,10.0,12.41,12.3,-14.43,14.1,16.33,5.41,10.61,8.44,-9.16,17.87,-12.42,5.27,18.43,-18.77,-16.34,-15.75,15.43,16.31,6.62,5.07,16.91,7.88,13.98,-7.04,16.38,13.77,16.31,-6.33,14.17,19.39,14.21,6.24,14.74,19.04,19.36,14.99,6.86,12.63,-9.2,5.32,19.27,-17.85,19.09,18.97,9.09,12.28,7.35,8.9,16.21,-5.02,-11.62,-6.88,7.38,17.84,16.35,13.54,10.02,10.46,6.73,-18.75,-18.66,13.03,7.61,10.69,9.45,14.95,16.6,-13.22,5.55,16.95,13.67,15.26,12.43,6.56,-16.57,-11.81,6.96,-13.94,-17.32,14.47
