80
125
52.54,282.48,71.6,456.21,47.27,80.73,493.74,439.54,258.82,290.02,12.73,461.22,391.83,264.55,144.07,287.04,423.7,54.32,329.51,493.78,41.4,422.43,288.61,263.35,92.67,308.28,436.22,194.86,344.29,345.18,170.08,323.64,340.64,190.86,28.26,129.77,251.91,164.18,61.09,192.54,174.71,101.87,455.63,330.27,442.66,19.01,49.88,406.05,290.02,493.97,446.56,334.31,119.84,469.24,382.04,101.37,343.36,225.25,215.29,431.16,476.29,233.67,260.07,393.84,259.59,419.82,109.91,447.78,77.33,273.34,384.56,55.76,89.84,490.06,279.2,260.61,132.53,116.49,424.17,140.19,203.82,400.37,137.47,161.46,475.21,155.22,397.39,170.5,469.47,60.0,212.99,57.6,228.68,139.61,480.53,220.95,313.34,15.57,27.97,141.68,35.41,226.77,321.14,366.63,476.18,281.31,292.84,419.19,192.15,160.67,426.17,178.95,261.69,312.77,329.39,129.72,58.22,55.05,38.42,259.54,80.1,206.64,343.53,414.62,157.59
8,7,12,12,15,16,20,8,13,10,20,15,20,6,20,7,11,20,20,8,8,11,10,13,15,19,17,15,9,20,14,20,20,16,13,19,16,8,18,15,11,20,18,9,5,8,14,13,19,15,11,8,7,13,15,10,7,11,12,20,18,6,20,6,16,14,6,18,10,9,19,9,20,15,14,9,12,10,6,5,8,12,17,12,19,20,18,12,20,17,5,11,20,8,11,16,12,14,14,20,8,9,9,16,10,20,11,15,9,5,13,11,8,15,20,7,6,15,5,18,19,7,9,10,8
16.2,5.41,15.51,27.97,20.48,10.46,17.95,29.63,29.4,27.0,5.73,28.49,13.42,26.06,19.17,9.26,21.33,8.14,27.98,23.39,21.49,8.08,9.27,16.81,17.63,11.8,8.74,11.18,22.43,27.11,18.62,25.1,26.17,20.44,11.13,25.74,5.45,6.03,25.2,21.41,20.4,25.55,14.27,7.92,16.18,24.58,13.28,15.55,13.04,5.27,18.86,10.29,24.92,5.12,26.28,15.32,7.13,5.92,8.29,15.33,11.36,22.6,21.3,18.77,20.85,23.05,22.2,17.3,5.23,19.15,5.71,24.91,10.18,8.2,24.08,20.63,5.46,13.92,11.87,20.12
8.23,8.07,8.86,6.68,14.03,9.53,-8.6,11.5,19.91,19.81,-15.57,7.07,14.34,-5.46,10.29,16.61,8.11,-7.82,7.5,-19.18,5.01,-16.7,6.91,5.99,11.86,14.47,7.52,-17.21,11.88,16.02,9.03,14.76,15.57,14.56,9.01,11.24,9.04,-15.66,11.38,16.23,7.93,-15.63,8.81,9.9,10.53,17.73,11.01,7.52,13.6,-8.88,13.87,10.86,-14.78,16.12,15.08,15.22,8.9,-15.28,10.75,-13.2,-7.25,12.65,6.88,6.19,-15.59,5.29,14.71,11.45,-19.64,15.76,18.12,-11.23,16.27,6.24,10.4,18.59,12.77,-9.63,10.09,-9.34,-19.78,7.85,15.83,18.98,-17.82,18.76,-9.03,-13.01,-10.43,5.84,12.27,18.33,5.55,14.53,11.91,13.07,6.29,-11.61,9.55,-9.94,17.32,-14.54,13.87,-8.51,-8.92,12.36,15.75,8.9,6.43,16.37,-16.56,12.05,-16.88,12.74,-11.11,-7.88,-18.15,9.39,-16.81,15.86,7.23,-9.46,-7.78,8.62,8.55
10.54,7.12,-18.77,-17.05,14.99,-6.77,9.31,17.0,-11.5,18.46,12.81,5.84,-6.23,5.32,16.27,6.32,16.86,7.48,6.33,15.72,15.94,-12.18,7.63,-11.56,-17.51,18.05,-9.95,11.59,-7.46,10.14,18.18,14.71,-6.92,13.25,16.4,-9.27,13.08,8.97,19.21,11.9,6.61,6.76,-6.61,15.4,8.62,-12.07,9.84,8.16,9.67,16.71,11.21,6.49,9.24,-18.14,8.51,12.26,15.27,18.79,-11.03,-10.19,12.49,13.59,5.29,9.17,16.53,17.42,12.24,14.92,10.35,15.25,18.3,15.28,15.65,16.81,-7.6,10.92,9.19,-18.58,13.87,5.36,8.46,16.27,10.99,13.14,6.44,14.89,11.86,-5.79,8.91,17.39,15.23,5.77,16.82,-13.71,-19.26,-9.16,5.54,-9.92,-11.62,7.77,-7.06,12.3,19.48,10.75,11.58,10.06,16.36,-18.14,9.08,-15.78,9.37,-17.97,15.04,13.63,-12.55,9.57,-17.09,5.61,5.41,9.4,9.74,18.32,-14.62,8.03,15.84
18.24,-13.05,-9.77,7.22,8.37,10.7,-16.57,17.71,-17.78,7.83,-15.26,-11.41,15.71,11.82,18.21,7.55,6.28,17.62,19.83,9.92,5.29,-19.04,10.97,-17.56,10.67,13.81,-14.63,-12.17,-19.69,-13.89,13.62,16.65,-6.19,14.47,9.88,18.73,11.07,16.37,18.49,-17.21,-11.61,15.68,19.15,9.44,7.61,12.84,-9.47,13.83,14.48,-6.88,-13.57,14.04,5.85,-7.0,-12.82,-11.37,16.53,8.3,-17.48,8.12,-12.34,-13.61,-16.93,-15.1,16.51,-13.37,16.13,7.63,-5.36,10.11,-18.18,17.54,-6.05,-7.23,18.87,13.5,11.94,6.69,8.66,15.0,-11.21,10.8,19.08,-19.07,17.06,17.45,-18.94,9.18,7.87,8.2,12.78,18.17,-8.94,12.67,12.76,-16.08,6.49,6.98,-5.14,12.74,8.03,12.08,8.47,-16.83,12.79,-11.66,8.75,-11.83,13.83,-11.26,6.47,-8.6,8.26,17.15,-19.41,-11.66,8.28,17.08,-6.36,9.88,10.64,6.98,11.92,-12.87,15.79
12.38,-14.92,-13.61,-13.53,6.73,10.55,16.68,-17.1,-5.18,13.13,19.27,17.31,-9.78,16.24,18.91,5.84,-10.76,-13.52,11.91,-17.45,9.13,5.72,15.92,8.54,8.05,-8.36,12.86,-7.66,-16.64,-7.11,11.12,8.63,16.32,-19.11,10.26,18.49,19.72,8.11,-5.93,14.77,14.54,9.38,16.74,6.39,10.89,5.8,11.95,11.71,16.25,8.19,-13.23,-9.18,15.24,5.45,-12.95,-11.66,18.6,13.01,17.24,6.5,-18.37,8.33,8.77,14.46,-17.57,-13.42,11.79,12.79,13.86,8.37,-9.23,9.16,10.72,7.56,-19.38,11.92,9.98,12.5,7.35,6.85,5.96,14.95,10.74,11.79,12.86,14.48,11.05,15.25,6.36,-6.68,-6.87,17.51,17.8,-8.46,9.03,6.39,-7.08,-10.79,15.06,-17.48,15.57,12.98,-13.39,16.25,-17.46,16.36,12.48,12.57,-5.12,8.55,17.33,19.96,12.69,-9.85,-19.17,-9.26,-17.44,13.48,18.35,-10.29,5.97,-13.95,8.71,19.17,7.34
13.78,16.7,7.13,6.24,15.24,6.32,-12.88,-5.57,-9.38,8.77,-15.09,-13.32,12.52,16.73,5.69,12.34,8.51,9.93,14.12,-18.04,9.72,11.85,19.52,14.04,12.24,17.43,13.82,9.71,11.69,17.04,15.22,13.2,-7.54,-9.69,16.18,5.77,13.78,9.39,7.58,-18.54,7.91,15.3,-5.75,13.46,8.4,12.82,8.45,14.89,19.55,18.35,10.55,8.93,-17.87,10.03,8.25,16.66,17.44,-16.92,19.32,-15.55,8.95,-17.93,-11.78,14.06,16.38,16.42,18.13,-18.51,16.99,15.85,-8.53,16.51,-12.37,-17.29,7.19,-8.7,-18.64,5.45,5.95,12.94,-17.06,11.18,6.63,18.55,8.02,14.55,6.29,16.51,5.95,8.92,16.57,9.84,18.14,16.83,16.38,10.11,17.5,16.1,14.36,-16.06,15.38,12.84,12.65,13.25,8.89,12.46,-14.2,-16.63,19.47,12.28,-11.75,13.39,17.19,17.9,9.92,-9.43,5.98,14.62,12.23,-13.55,7.18,-6.9,-5.74,12.72,19.17
-7.22,12.27,-17.02,17.28,-17.64,-17.12,17.05,18.97,11.91,9.79,19.42,10.94,19.54,10.66,9.79,6.65,19.43,12.21,-6.9,-10.83,10.03,15.76,8.09,-15.24,10.54,-6.58,6.66,6.0,10.99,6.41,16.54,18.87,14.69,9.86,5.75,12.68,-9.86,8.56,16.33,11.28,-16.59,19.45,19.1,15.26,11.29,17.5,14.55,16.7,6.7,16.63,-12.83,18.61,5.49,-7.16,11.1,-15.15,9.07,13.79,6.54,-15.76,14.56,-12.79,-14.45,9.62,15.63,8.81,15.89,-10.16,-15.0,14.72,18.6,10.04,16.99,14.68,-18.56,12.62,8.03,5.08,9.04,-15.81,-11.03,-6.55,-6.87,18.72,-10.2,5.2,-15.52,11.65,19.77,14.39,12.51,13.54,12.72,6.24,-16.76,10.26,9.72,18.02,11.97,18.87,14.03,7.73,9.94,-14.1,18.66,5.24,-16.9,9.78,19.74,9.81,-16.71,-12.36,11.9,-8.2,9.01,14.22,13.72,8.21,18.12,-8.57,18.21,15.08,-15.54,-7.03,7.63
7.99,11.24,8.0,15.09,6.91,10.1,-6.08,15.48,5.93,6.58,10.59,19.11,-18.32,7.14,9.4,-8.57,10.16,9.63,-18.99,18.25,-17.64,-5.78,6.07,8.85,-17.15,5.21,-15.38,-13.94,16.27,12.39,-16.01,-8.16,-5.44,-12.34,9.73,8.22,7.74,12.66,15.61,14.51,13.4,5.68,-13.26,-13.7,17.97,11.21,19.23,12.17,7.51,5.29,19.33,-16.04,15.88,16.07,19.64,19.41,10.37,-12.9,17.76,-10.07,6.75,-7.42,9.76,19.69,11.94,15.8,5.53,17.74,5.88,10.26,13.88,5.17,17.4,13.23,18.89,12.11,14.71,5.63,-7.53,-9.3,14.95,19.29,-10.69,16.03,-16.75,14.97,18.9,-18.14,18.53,7.25,-19.18,19.26,18.17,10.64,5.7,-13.18,-6.97,11.95,18.58,8.54,17.45,17.92,18.46,15.87,5.99,14.73,18.19,11.64,13.48,18.94,9.25,6.96,9.11,18.31,-5.02,-5.53,7.47,6.63,18.17,-14.9,6.75,8.62,15.49,7.71,9.06
12.01,15.75,12.26,18.28,8.2,19.72,17.66,16.45,10.46,16.67,15.97,16.79,15.48,9.15,14.5,9.49,18.2,19.68,16.56,13.55,7.79,14.37,19.45,5.69,-18.73,7.77,-10.96,-7.33,8.79,-8.84,5.78,5.24,5.1,18.6,8.4,-17.06,13.61,10.36,11.91,12.91,17.81,7.04,9.18,14.95,19.31,12.5,17.33,15.22,16.96,-13.98,16.38,-10.51,7.35,16.2,9.61,18.47,-14.44,-11.32,15.87,14.0,8.68,9.47,5.07,-13.24,7.94,11.94,-7.06,6.86,13.51,-6.18,-12.48,-12.87,15.33,6.05,17.44,11.39,-11.34,-17.41,19.64,17.08,8.94,9.73,15.29,-6.71,-12.95,18.6,18.92,16.56,14.55,10.57,-16.86,5.52,12.64,-11.95,5.31,16.54,13.98,-11.71,15.54,7.22,5.84,15.06,13.84,-14.35,18.2,6.08,12.0,5.67,12.25,-15.05,5.24,9.49,-12.67,10.53,17.05,-17.49,19.83,7.43,7.47,18.27,-12.42,10.01,16.33,7.15,18.93
-12.15,6.58,18.84,16.24,15.26,-9.26,10.7,-13.85,7.71,18.86,-9.37,-17.6,16.63,18.39,13.65,-5.69,12.38,12.24,18.96,14.63,-5.44,-15.38,-8.94,15.57,14.47,-18.4,-10.97,19.09,7.9,17.16,17.94,10.5,5.51,14.4,13.84,11.05,19.76,15.83,-10.67,-6.34,17.02,19.51,11.32,10.36,-9.87,16.04,15.53,-14.57,12.94,19.83,15.53,-19.45,8.2,18.06,17.69,19.73,18.18,7.05,13.45,17.95,-12.98,13.65,9.42,14.46,-13.81,16.87,-10.96,6.28,-9.68,-19.11,16.01,-11.85,-10.06,13.47,12.14,-15.14,-6.18,16.24,6.77,18.12,17.28,5.81,-15.28,7.72,-15.76,-16.59,-14.64,-16.74,-14.97,9.36,7.8,-8.2,7.76,-18.0,13.31,-7.17,18.39,14.3,11.89,19.37,13.62,-7.92,14.72,14.99,8.09,8.75,14.92,-10.32,9.59,-11.03,-16.15,5.38,-8.8,6.6,-16.57,18.0,-8.78,17.42,-9.61,-9.01,10.26,19.8,8.12,-11.36,16.18
10.69,14.37,10.74,14.36,16.58,6.21,10.2,-6.15,13.15,18.16,10.97,19.0,8.64,-7.12,-6.18,7.22,13.65,-11.64,-12.98,17.0,15.54,15.47,18.24,-8.29,13.74,-14.76,-9.06,8.31,19.47,13.5,18.96,9.96,14.7,11.97,6.02,9.03,9.31,-19.5,5.3,7.8,15.93,-15.23,6.75,-15.95,-5.44,7.49,13.47,19.44,-9.63,19.47,5.87,12.14,8.07,7.83,-11.08,11.66,9.88,16.36,14.98,15.04,15.84,-10.25,19.79,18.7,14.74,11.01,14.17,14.77,-8.79,14.24,-19.96,8.68,-11.35,14.34,15.77,-10.74,16.64,-11.67,-17.79,-5.99,5.64,15.86,7.31,12.08,17.06,-6.73,17.21,10.27,-7.28,-14.26,-16.7,5.27,5.35,10.05,-7.93,15.94,19.26,18.44,-7.29,17.58,-8.08,10.59,19.39,-19.9,9.04,13.5,-15.51,-9.09,-18.27,7.55,14.57,6.63,9.07,9.86,13.5,12.53,-13.02,-12.4,11.78,5.2,-5.75,7.55,-10.23,-17.54,14.65
-6.03,19.48,5.61,5.74,7.06,-11.02,18.58,-17.13,19.31,-7.19,14.68,15.12,-17.95,11.01,-5.41,-12.03,6.04,11.82,6.16,-15.43,17.9,9.76,-9.02,-5.13,5.89,19.53,10.15,11.15,16.11,7.03,13.81,13.33,6.14,-5.87,5.6,5.41,9.1,-19.59,13.25,-7.01,18.57,-6.43,6.22,-6.4,15.87,12.39,12.79,11.91,-5.91,-6.92,14.13,-15.43,-15.63,6.3,17.34,16.24,-7.37,13.69,11.47,11.04,-11.84,14.22,-19.51,-18.07,13.36,13.62,-11.24,14.38,-8.88,-16.12,13.7,11.21,15.18,13.34,6.45,19.01,11.74,15.08,10.72,11.37,-15.37,9.42,-9.65,-16.71,8.0,-13.97,13.6,9.11,11.76,-6.44,-11.39,-8.33,-10.34,11.12,9.58,9.3,5.01,12.57,10.08,16.3,16.18,-8.23,-15.03,9.28,-10.54,-8.39,-9.65,6.16,9.63,-15.51,5.14,-17.22,11.12,6.63,9.39,-17.71,-17.06,-19.72,13.67,11.53,15.12,19.44,18.1,-9.59,-8.68
5.29,8.78,-8.75,16.05,-6.54,11.08,15.58,5.42,18.35,16.37,11.19,16.12,-7.21,-19.35,14.82,19.4,5.11,15.06,11.53,-11.27,-7.32,6.17,13.69,-15.72,5.38,14.5,16.19,16.36,8.83,7.94,12.55,17.64,8.56,-7.54,-13.2,13.43,12.65,15.8,9.97,9.49,-15.65,-8.89,14.39,16.64,18.72,-5.43,8.66,-17.44,6.14,15.3,-18.79,8.04,-6.94,7.3,7.8,5.21,11.35,5.11,-16.04,12.53,-18.82,16.11,16.79,18.34,-6.07,15.42,17.65,17.89,-19.87,-15.62,9.21,5.9,9.46,-9.86,19.08,-7.04,-18.79,-6.84,12.08,11.31,18.84,8.8,15.35,13.67,14.79,-16.24,-9.31,-16.28,14.47,14.5,8.57,12.67,10.65,14.62,12.46,15.01,15.01,11.62,-9.38,8.43,18.61,-6.57,6.18,-13.28,-5.18,-9.53,-5.38,15.28,-13.41,-12.74,-14.09,-6.93,-17.33,6.67,10.29,13.59,17.9,9.28,6.74,9.97,15.85,-6.21,15.78,8.77,17.03
-16.8,14.15,19.91,19.15,-9.28,-9.81,17.55,8.05,-6.11,5.82,19.9,18.55,9.41,19.09,12.83,-8.9,8.13,13.87,-12.42,16.95,18.93,-17.72,9.28,5.77,-12.08,19.48,19.74,-11.14,-6.37,-5.07,-14.84,-8.26,8.94,5.54,-11.52,8.65,14.76,-9.69,16.06,-9.84,6.08,15.76,7.62,15.04,-6.29,6.03,18.52,16.81,11.99,-14.42,-11.2,-9.48,7.09,11.05,7.55,13.6,-10.77,11.88,-16.52,6.74,19.23,14.53,15.52,-13.06,9.73,18.3,19.98,-15.32,17.14,-15.38,17.51,-9.21,-11.59,11.28,8.02,10.01,15.38,19.18,9.36,14.27,10.28,-5.17,-14.97,18.19,15.44,9.2,10.03,5.23,-13.33,-8.04,15.66,5.22,8.22,-9.4,19.64,12.94,-9.55,10.92,5.49,18.31,18.18,6.47,19.7,16.68,-10.21,7.39,17.1,6.49,15.55,-15.59,-14.7,-6.42,7.3,-16.32,-8.96,19.61,-5.25,5.6,14.96,8.2,10.98,7.49,-15.25,-18.26,9.25
14.51,-17.48,15.17,-6.74,8.43,-19.05,-7.92,-6.3,-11.92,14.59,-15.68,17.19,-5.86,-14.82,17.37,-11.45,-6.65,14.47,16.17,-11.96,19.41,18.36,-12.86,17.48,19.96,-15.21,11.85,-5.31,11.91,10.04,5.96,14.53,-19.83,11.43,5.26,6.37,11.0,12.12,-16.07,-5.86,19.41,17.74,7.13,19.72,18.44,10.16,16.95,-18.2,-5.71,9.15,17.63,14.44,19.89,11.51,10.27,7.34,12.57,14.02,-15.57,14.61,-16.71,10.93,-9.47,16.34,-15.89,-6.83,18.98,18.08,5.32,-8.34,18.0,-14.32,18.16,14.72,13.08,-9.22,-18.97,10.74,10.34,7.11,9.28,-10.06,-17.7,19.83,11.93,5.96,8.0,16.98,9.66,5.8,-19.22,15.89,-7.98,-7.44,16.71,14.38,17.6,13.57,15.6,-12.88,10.27,6.08,-6.12,14.47,6.77,8.46,16.62,-11.07,-12.92,7.97,6.95,16.52,10.65,13.61,-17.6,13.77,14.55,9.48,12.99,-17.92,17.21,14.15,15.08,-19.73,19.97
17.23,-9.53,10.8,-5.32,11.95,9.48,17.49,-10.67,13.78,-17.17,13.93,18.09,16.77,-11.07,15.59,-9.42,19.18,17.82,-13.36,-8.47,13.64,5.15,-14.4,12.47,-15.27,-17.81,16.3,-7.08,-15.04,16.59,5.04,11.09,13.77,19.11,-9.92,18.41,18.81,10.61,13.11,19.13,5.57,-19.24,13.7,13.28,6.86,-17.97,19.94,-9.42,-5.71,-5.74,13.68,-13.32,-11.07,-8.04,-19.53,16.74,-15.43,17.93,-15.95,11.49,7.05,16.26,7.61,18.9,-5.04,18.18,-10.47,13.71,10.14,15.3,6.36,-19.23,-11.68,-15.36,8.05,-14.35,12.3,-17.02,6.4,17.47,8.5,18.58,-13.72,18.05,10.8,6.18,-12.11,13.15,18.71,6.9,-9.97,14.07,-18.13,12.5,-12.06,-19.35,9.74,5.51,-8.04,12.82,9.89,-10.17,11.63,8.49,-19.59,15.22,7.66,13.53,6.67,5.83,-12.31,-18.87,5.52,-9.58,19.03,10.88,-8.05,-7.17,17.93,5.76,5.64,13.84,14.43,11.22,15.83
17.97,14.65,16.35,-12.46,-10.13,-19.88,10.93,-5.55,12.55,9.17,-9.35,10.11,16.15,13.66,17.38,9.56,12.61,16.64,12.07,18.88,12.45,7.89,16.62,15.92,8.34,10.73,-16.93,17.05,12.27,-13.54,18.02,5.24,10.78,-12.21,15.37,12.12,-15.08,5.75,16.55,17.74,15.13,5.92,-15.11,-18.78,13.01,11.5,-13.9,6.13,8.56,6.41,-9.52,11.81,19.45,-17.46,5.87,6.31,5.66,-8.54,8.76,7.72,12.42,5.19,19.85,-5.11,7.34,10.49,7.27,-17.26,8.62,6.31,5.17,-7.23,-7.44,-9.72,9.82,5.66,-11.35,8.77,-8.97,7.62,8.41,9.13,19.15,17.64,-14.84,-19.53,11.32,18.74,10.52,-11.65,-13.05,19.77,16.63,7.55,9.52,-18.39,-16.89,15.52,-15.01,15.93,12.78,-15.5,12.41,10.25,-15.25,10.24,7.67,6.12,-18.05,-13.83,16.0,14.45,-7.24,-16.5,16.66,10.72,14.3,11.55,17.4,13.29,16.18,-6.1,11.27,15.46,-16.03
9.48,13.51,10.76,11.96,-12.08,17.66,12.93,-8.37,11.93,10.24,5.45,-19.85,18.56,12.74,-7.9,16.36,-12.74,18.51,15.51,6.02,14.73,16.44,18.75,9.43,16.32,-14.01,14.01,13.83,11.33,13.85,-9.49,-16.94,18.29,-19.46,-14.55,-6.91,7.9,9.34,-15.64,9.51,12.69,-13.57,-12.75,17.29,6.05,-12.47,-5.98,-19.94,14.3,19.7,6.59,15.93,19.7,-14.42,-8.24,-16.53,15.98,16.71,10.38,-14.43,-8.16,13.09,-18.14,10.77,10.28,-16.75,13.31,14.66,8.07,5.39,-15.26,17.21,5.37,8.95,5.58,-14.52,10.43,16.52,15.37,9.04,16.2,-9.45,-9.7,18.81,-5.68,-11.04,14.35,-9.53,12.12,9.33,-10.52,13.75,6.13,11.08,-5.78,7.03,-15.78,13.5,13.09,8.17,-13.37,6.89,-8.1,7.87,6.62,15.2,-17.33,9.83,18.76,-12.24,8.22,17.56,6.57,16.36,19.94,8.81,11.9,14.42,11.21,5.45,-9.76,18.38,7.38,8.2,19.52
10.97,14.72,9.12,12.68,5.1,-6.88,6.59,19.44,12.64,-15.44,-11.32,8.93,18.82,19.16,11.18,12.82,16.37,6.11,14.7,17.4,16.42,-9.55,-9.23,5.86,14.5,10.7,6.26,19.44,13.19,-9.88,18.67,-18.14,-13.16,11.45,-5.22,12.63,15.15,7.18,15.14,18.91,11.4,13.38,11.92,-8.24,10.52,5.24,6.27,17.84,12.58,13.86,-10.41,-19.29,16.36,6.48,10.8,12.47,13.5,6.89,10.8,18.68,-17.06,13.76,-18.0,17.7,8.41,14.65,15.91,16.77,-19.77,13.45,-9.3,16.29,17.83,18.32,5.63,-16.55,9.86,14.56,11.91,10.12,11.98,17.06,9.41,5.02,12.17,17.25,-6.59,15.94,13.82,-11.98,-13.14,-6.34,8.19,9.0,-11.97,18.39,8.19,16.1,10.46,19.52,-6.55,11.91,-5.62,-6.13,16.66,18.7,5.4,-11.89,17.51,14.3,17.93,-8.14,-13.08,7.64,-11.63,12.55,-16.64,8.39,11.14,15.69,12.12,-14.41,17.55,9.49,6.47
-12.69,13.98,13.18,-9.2,9.88,-15.79,7.78,18.65,6.94,19.96,-16.61,11.89,17.42,-15.97,-18.2,-11.17,11.75,11.3,15.36,14.95,7.08,11.39,-11.11,9.84,10.32,6.67,7.53,15.59,-11.02,5.47,-14.65,10.31,10.18,5.6,7.75,-12.52,16.98,8.41,-12.22,15.2,-18.54,18.43,19.78,-19.96,5.82,17.1,-15.54,-13.63,-18.86,7.16,13.43,-14.53,-10.57,9.96,6.08,11.63,9.61,14.34,-5.97,15.52,9.03,5.73,8.41,11.32,12.07,19.8,9.88,17.9,-9.24,18.24,15.28,-19.25,17.49,6.0,-7.13,-15.47,18.99,-7.18,8.38,-17.25,6.27,16.46,10.61,19.26,14.26,-12.62,-14.82,-8.24,-9.43,7.73,-11.49,12.21,16.47,8.46,-12.2,12.6,-13.64,-18.86,12.09,9.81,19.9,19.19,-12.11,-5.74,-16.75,-6.15,11.27,17.94,16.61,19.29,-6.37,17.27,19.23,-13.9,7.54,17.7,-5.17,10.38,5.17,10.74,-17.67,11.7,19.42,15.89,10.11
12.61,7.62,13.51,10.85,-5.91,13.89,5.33,10.79,-12.41,9.62,5.44,-5.45,-16.3,-18.17,-15.13,18.7,7.86,14.47,6.02,-17.16,-6.81,19.77,-17.39,18.59,-7.58,-9.89,12.25,9.71,-14.19,5.23,15.38,8.51,7.12,5.75,-8.18,5.41,6.04,5.62,10.8,12.09,5.3,-14.53,15.09,9.52,-11.96,11.77,6.21,15.86,10.03,15.33,13.16,14.99,9.6,18.31,-7.81,6.42,6.37,-8.16,18.97,5.17,-19.07,18.51,10.82,7.56,5.72,-11.11,18.97,16.62,-10.54,13.34,15.26,12.41,-12.39,12.63,6.87,17.32,-16.99,12.28,8.64,19.27,11.39,19.33,-10.37,13.69,11.64,-11.69,-10.82,19.16,9.62,7.03,10.45,-7.91,5.11,-13.28,10.31,-9.4,14.0,13.98,6.49,15.17,15.64,17.16,7.13,11.35,-19.32,-10.44,6.56,14.54,-12.82,15.66,5.16,11.74,8.84,-12.39,8.59,17.99,-9.84,18.01,10.51,-18.11,-19.02,6.53,-10.49,15.4,-17.59
10.62,-8.88,5.2,9.92,9.64,-11.36,18.91,13.64,5.54,7.74,13.35,15.01,14.37,18.81,14.49,14.33,17.79,-16.51,10.16,18.18,-13.92,14.68,6.05,7.45,15.51,14.37,17.43,5.42,-17.11,-12.64,-14.51,14.94,-10.61,15.57,10.78,-14.6,14.2,5.46,13.23,15.55,-17.3,16.56,-5.71,5.63,11.48,-13.76,11.0,-12.22,-17.17,-11.89,-9.45,16.41,7.16,-19.16,10.57,14.77,12.48,-12.23,15.69,-13.35,8.35,11.28,-19.81,19.22,16.8,8.96,19.73,-19.14,15.92,7.19,14.75,8.13,-11.43,16.96,-5.8,5.85,11.01,19.07,9.38,7.8,-15.11,-10.46,11.87,-15.27,15.31,14.31,14.45,17.77,8.77,14.25,8.77,16.51,13.28,5.59,12.23,8.55,12.17,16.44,16.54,18.69,17.56,18.11,-19.89,11.51,-9.4,-9.24,12.67,11.45,13.45,-10.81,-16.05,-14.82,-12.51,14.56,-8.84,13.01,5.3,17.58,-6.96,18.49,18.73,12.4,10.21,9.77,11.89
-10.39,-8.8,-12.18,6.36,9.84,11.62,-8.01,-16.47,12.18,11.25,19.39,12.19,-18.54,9.72,8.92,16.95,18.21,11.62,-15.5,-13.16,17.35,5.68,8.81,7.14,8.33,9.95,19.87,-11.2,-5.23,12.68,5.94,7.42,14.49,16.57,10.62,-10.71,10.97,16.36,-9.04,17.39,5.88,-5.01,-6.2,-12.38,7.91,-11.09,14.48,-17.87,19.71,15.01,8.32,16.8,14.82,11.42,9.89,9.89,13.42,16.62,6.17,14.01,10.18,-19.8,17.09,-9.49,17.62,5.43,-7.09,17.66,8.54,19.01,19.29,18.44,-13.82,5.03,10.36,-10.23,13.52,16.22,9.38,14.2,11.09,-15.64,14.01,10.04,13.36,-10.13,-13.8,19.2,18.12,12.66,11.18,6.89,-10.84,6.68,5.9,-8.89,-19.72,-14.38,11.8,11.48,14.99,17.26,12.44,11.99,-8.82,15.73,8.08,10.95,11.99,-19.02,7.25,18.68,17.46,7.58,6.71,14.62,9.08,10.9,18.56,-15.49,-5.71,7.89,-17.09,17.27,9.52
-13.48,18.79,-11.09,9.44,8.89,13.91,-13.73,10.14,-18.15,6.4,18.01,16.0,-7.45,5.28,-13.65,5.05,5.16,-18.83,17.93,8.17,-5.27,-6.69,6.57,-12.2,-15.75,18.33,5.86,15.55,15.44,10.71,-9.84,10.42,9.11,14.19,16.99,15.66,13.16,14.7,-14.9,15.01,7.84,-14.54,-6.49,9.5,7.17,-6.39,18.22,16.22,-5.26,-6.6,-15.39,-10.51,17.44,-11.85,14.58,-11.69,5.59,-17.65,8.47,-13.45,-12.97,-19.53,5.6,-14.6,-12.4,11.1,-17.58,12.38,9.67,6.81,-11.4,19.45,13.79,18.23,5.91,15.84,14.53,-15.47,-18.9,8.16,-7.28,15.19,11.04,16.35,-6.76,-15.64,12.63,10.19,19.25,15.2,-17.36,17.22,14.39,-16.08,-14.4,15.36,11.59,-8.06,-10.15,10.47,-8.67,-16.43,-13.61,-16.68,12.61,14.98,13.97,-19.64,5.42,17.93,7.09,-8.27,6.23,-12.07,7.48,8.47,-15.5,14.91,-19.6,18.19,16.43,7.51,18.81,7.06,-8.79
-6.07,5.32,-5.82,9.76,-5.42,8.08,-16.82,11.23,15.03,13.17,6.46,-10.16,-13.33,16.66,9.97,11.13,11.36,-8.9,-12.07,-11.31,-6.31,-15.27,7.25,-13.83,-7.09,5.68,6.52,18.76,-14.15,-12.39,18.51,15.06,15.85,5.11,18.59,12.95,15.79,-10.8,9.58,-5.39,12.08,-16.0,-8.9,9.84,19.74,16.37,14.32,-13.75,9.78,18.82,16.23,12.68,13.74,-14.13,12.25,6.48,17.65,14.92,12.87,-13.39,14.69,19.21,16.42,15.19,13.35,11.17,6.21,-14.74,-9.17,-10.84,11.93,-18.61,8.69,7.12,6.96,8.05,-15.3,9.87,16.67,9.93,-18.55,9.04,15.79,-14.16,7.64,-9.7,-8.87,12.46,14.11,12.93,8.11,15.39,6.92,14.95,-19.1,5.51,8.53,10.68,-10.88,11.1,6.85,13.66,-17.2,7.31,13.29,-18.21,-12.57,7.84,-11.72,10.31,6.47,14.27,5.25,14.59,17.01,15.11,11.1,18.89,12.91,19.94,15.89,-11.9,7.01,-12.81,18.47
8.75,5.48,-12.65,6.27,-13.7,-19.29,16.71,12.03,19.36,18.82,-9.16,17.42,8.96,8.82,-13.6,11.47,14.22,-6.12,11.07,15.79,10.96,8.21,15.78,-8.78,18.21,11.57,10.15,17.0,12.13,8.03,10.29,7.37,17.95,7.64,-19.86,5.12,19.47,17.38,8.67,-13.7,12.31,-16.12,7.68,-10.27,-14.79,-13.01,10.55,5.63,-6.47,12.11,-15.85,-18.23,13.48,13.2,8.91,-7.76,15.29,15.34,17.48,15.76,16.22,14.88,13.46,9.45,-5.45,-15.51,6.88,19.32,13.03,19.07,10.69,-10.33,-16.94,15.0,18.52,-9.69,17.38,10.06,8.99,8.74,-11.36,16.6,-10.33,15.1,10.28,18.26,12.82,-16.34,9.51,-14.92,7.49,-6.71,13.08,-19.61,-19.52,19.46,-15.07,8.3,7.91,14.08,-6.34,19.36,14.66,11.93,7.82,6.88,5.11,12.14,11.04,-13.98,12.77,-13.02,-11.28,-6.36,-10.08,15.54,13.86,5.87,12.58,19.77,-10.2,19.98,11.47,10.44,-14.16
12.29,18.37,17.96,7.13,19.35,5.63,-8.07,-10.48,19.68,15.62,-10.49,12.37,-7.99,13.64,7.33,18.2,8.56,14.67,13.85,-10.21,19.03,-8.34,12.72,5.31,10.89,10.64,14.91,18.65,17.89,11.07,17.54,16.49,-6.72,12.92,10.36,10.28,5.67,6.84,9.53,13.19,18.28,-8.78,-13.07,13.25,19.83,10.92,17.77,-7.17,-8.55,5.75,19.57,14.49,-14.53,10.08,11.89,-8.68,15.21,5.72,-19.51,-7.63,-14.97,13.32,7.28,-18.55,11.31,13.22,-16.74,-13.82,11.05,11.46,9.78,-9.61,18.28,7.83,9.25,9.99,6.84,-5.66,-19.79,8.88,18.14,-6.55,6.02,-14.81,-12.12,-5.91,9.19,6.6,7.52,19.62,7.55,-17.8,12.45,8.29,-7.6,19.09,19.73,19.02,-18.99,16.41,10.62,-14.44,-5.77,7.42,17.35,19.37,19.81,14.47,9.08,-17.12,8.28,17.51,15.27,-16.86,5.24,6.49,17.58,10.35,-11.61,-12.61,11.8,5.55,11.0,13.46,5.87
-10.25,8.14,19.57,9.04,-18.82,-11.92,15.29,-13.3,8.6,-8.44,8.85,19.85,18.85,-14.96,9.38,-7.0,-12.39,13.66,12.45,-7.79,-9.09,5.94,12.14,10.07,10.72,7.37,5.82,5.63,18.16,16.77,6.18,16.26,-10.16,11.24,-7.01,-16.04,7.92,11.97,16.63,10.83,14.62,-11.57,8.07,16.67,-6.55,10.24,-15.62,10.54,19.15,10.62,12.45,11.85,14.3,14.09,18.76,7.66,5.58,8.52,13.25,-18.24,-13.18,9.76,-7.18,12.5,16.69,15.02,10.12,6.37,13.65,6.13,-9.54,8.93,-19.91,-5.32,5.95,-6.18,6.88,6.62,7.27,-19.52,5.48,11.97,10.2,-7.23,16.57,-15.61,13.83,-14.05,19.32,-6.38,6.86,19.03,12.62,-13.39,-12.51,19.95,-18.71,16.51,11.09,-10.01,12.79,17.0,12.28,-17.84,-9.9,-14.72,7.4,11.64,-17.16,-13.57,-17.79,19.88,-10.37,-11.08,18.33,10.82,7.11,8.87,-18.07,9.13,-9.45,8.97,9.72,7.6,12.96
17.3,18.61,-17.99,12.1,9.02,8.48,18.58,12.97,10.88,16.18,11.21,-10.82,-19.84,-11.86,8.29,-12.27,11.76,9.45,9.92,15.54,-9.72,-8.22,9.37,-15.39,18.8,5.5,6.85,-9.74,-19.47,-7.75,6.45,-17.43,14.14,9.01,-18.96,16.68,13.65,16.17,17.05,-11.69,12.5,-15.03,-12.35,8.46,6.23,17.97,-16.58,-8.53,9.61,-12.29,8.07,12.73,16.3,-14.66,11.57,-17.6,13.59,19.2,-15.03,7.44,6.22,7.75,10.47,15.15,-9.72,19.09,19.88,-6.23,12.12,18.75,11.98,-17.41,-7.98,14.96,19.92,15.23,18.75,14.08,15.51,8.47,17.06,17.34,12.91,13.47,-19.45,15.5,16.81,11.04,11.26,16.31,14.87,15.74,9.6,15.47,-8.83,7.85,-7.06,11.37,-8.96,11.81,-15.69,11.3,8.21,-14.31,15.35,7.49,15.77,19.11,13.68,14.47,8.85,19.94,15.63,-8.26,18.88,10.01,17.29,17.98,12.17,-12.61,-9.23,11.99,12.38,18.92,-11.64
-9.17,5.93,10.82,7.21,19.1,-5.85,14.64,8.08,-16.06,6.48,6.16,16.36,16.35,19.47,6.7,5.07,-13.89,14.84,-6.16,18.53,-13.45,15.26,-7.0,18.43,-6.15,18.53,12.39,-9.41,17.26,15.06,-6.01,-5.9,8.49,-6.91,-17.14,-11.61,18.58,8.78,6.55,5.94,8.97,14.73,14.16,-6.23,9.48,16.1,8.08,10.06,19.22,-17.03,19.26,18.34,-13.54,6.42,7.6,8.94,-16.87,17.8,11.43,-19.86,16.74,5.46,16.23,7.01,5.65,18.12,6.44,5.38,11.8,6.57,7.15,13.89,15.29,-5.69,-12.24,15.51,-7.67,12.31,10.95,-18.53,-13.07,17.01,18.59,-18.83,-15.53,9.56,17.65,14.5,-19.16,19.96,18.93,-15.2,19.29,8.89,11.73,-11.45,15.59,-6.42,13.44,-14.36,9.55,12.8,-9.0,7.91,6.14,19.34,6.35,-14.26,6.15,6.41,10.36,-17.55,-7.36,15.2,5.04,5.5,15.74,19.79,19.86,13.34,8.92,-19.39,17.82,12.84,14.0
7.74,7.5,-16.84,-5.75,13.12,5.88,-10.64,17.39,-19.88,19.3,9.06,19.91,15.64,-18.49,8.59,10.41,5.98,-15.87,5.48,-16.61,14.45,19.7,-16.25,6.43,-14.64,7.37,7.95,-16.87,12.37,-5.15,-8.91,11.83,14.55,-15.62,6.24,6.13,-14.46,7.41,18.17,6.87,15.47,7.77,-7.6,17.77,6.12,-18.46,17.77,16.38,6.99,5.58,15.19,19.15,12.29,19.99,8.14,-7.49,14.99,7.82,6.72,-14.93,13.43,18.59,19.39,5.84,7.68,-8.68,8.14,12.44,-5.24,12.02,11.32,-19.43,-19.57,14.86,19.43,18.4,-16.89,-13.63,-18.14,18.43,-15.21,18.41,18.12,6.89,12.59,-12.12,19.49,-12.45,19.45,-9.77,9.0,6.12,-5.65,6.34,7.11,-9.36,11.51,-15.16,11.15,-6.27,9.99,7.92,15.84,8.38,10.5,5.83,7.91,-8.67,13.7,18.2,-5.46,14.76,13.55,8.02,16.18,9.87,-5.05,9.91,19.94,12.28,-6.06,7.89,-6.44,14.19,7.56
-10.04,8.76,10.15,12.73,19.59,-9.76,11.86,19.08,6.73,16.22,14.25,13.08,-12.89,19.33,15.02,-14.81,18.72,-11.55,7.66,9.05,18.68,17.23,10.23,18.24,-6.26,11.71,6.24,-14.62,15.59,-19.56,-16.2,11.49,12.84,-15.37,15.74,-12.24,-11.48,9.95,16.59,10.97,-16.94,-15.4,7.79,-5.22,9.09,12.06,10.33,-9.28,-8.94,16.47,7.1,6.17,11.59,11.69,18.87,6.29,11.48,-9.82,15.01,8.26,13.94,9.3,13.47,12.42,6.46,19.06,18.02,18.2,-9.01,-13.31,7.21,-13.2,-16.12,-15.72,10.86,19.38,10.73,-9.49,17.68,-15.5,16.51,16.73,11.58,-13.29,17.69,14.61,10.17,10.09,6.78,17.31,-17.78,6.69,6.43,-11.17,13.93,-15.75,-14.67,13.09,-17.45,9.88,10.98,-7.75,7.53,18.29,5.93,-15.31,6.94,10.62,7.39,18.58,17.62,15.29,-5.68,-17.63,11.77,-9.65,12.83,-10.89,16.22,-15.27,15.08,-10.3,13.43,18.15,-16.25
7.36,19.45,-11.5,14.58,5.88,-7.6,15.05,5.81,14.12,8.31,-7.23,5.69,7.94,-9.58,18.14,19.02,-18.12,10.22,17.78,16.58,10.22,14.69,10.98,13.4,11.37,-13.58,14.57,-14.32,10.83,13.05,9.98,6.12,19.26,-19.32,16.36,18.23,19.1,-14.05,12.91,-8.77,-6.09,-8.71,-6.9,19.85,6.26,7.66,15.2,17.72,5.23,10.67,19.91,16.88,12.33,17.32,17.06,-5.63,-14.45,-16.0,19.86,-6.09,-14.1,6.83,-11.35,17.64,8.82,6.87,7.41,6.3,8.23,13.6,12.46,-15.59,16.44,17.45,9.16,18.32,17.49,-8.14,8.98,13.7,-11.27,17.27,15.76,13.64,12.64,11.46,-17.7,9.57,-12.92,18.18,16.17,-12.4,17.42,17.22,8.29,-19.91,-9.36,-17.9,19.3,-15.09,12.87,19.51,7.88,5.69,19.95,13.36,14.79,-5.67,10.95,17.3,12.83,14.01,5.9,11.94,18.7,-17.62,5.79,17.63,-14.24,14.51,6.8,5.49,-11.45,-16.19,6.05
19.55,17.95,16.38,16.41,6.9,12.65,8.43,18.36,-6.14,10.77,16.47,16.3,9.12,14.92,-14.99,-12.17,13.68,-5.98,5.98,16.97,5.56,18.11,14.36,15.79,-12.06,8.3,-18.0,20.0,15.5,10.53,5.44,-18.23,8.9,-9.1,6.62,7.88,5.42,12.92,13.9,-13.49,13.34,18.85,-19.47,11.74,-19.61,-18.19,18.85,-10.92,-12.17,16.08,5.93,-9.21,10.48,-16.81,16.63,12.46,19.91,-15.13,9.29,14.38,8.33,10.08,15.28,-19.25,12.19,13.33,-8.44,10.08,11.37,8.52,-14.81,10.28,13.82,12.13,17.57,12.17,8.29,9.52,13.56,8.36,-16.54,11.98,8.82,9.04,14.3,5.97,18.15,11.39,13.9,5.88,-9.95,-13.3,18.04,5.56,6.96,-16.01,13.77,-19.6,-6.79,-15.8,-15.1,5.49,10.58,5.86,-12.87,5.35,10.79,7.61,13.27,-15.2,11.11,-19.28,-13.83,13.23,11.39,18.3,15.38,17.49,-16.81,18.87,14.5,13.5,18.81,12.92,-11.52
7.34,17.11,19.05,13.43,8.97,-9.47,-17.22,6.07,10.55,14.75,-18.63,17.38,-9.56,18.06,-5.63,17.15,9.04,17.65,9.16,-18.14,9.4,13.52,18.55,16.66,10.03,-5.25,6.65,5.93,12.48,16.77,10.17,12.09,12.5,-7.77,-16.16,-19.44,14.15,13.57,19.97,6.18,9.85,16.65,-19.81,7.08,18.46,18.62,15.46,-16.34,-10.87,7.71,13.59,-8.53,19.45,12.91,-10.8,-6.81,8.91,11.3,7.72,5.56,10.44,-18.33,-7.99,11.53,13.88,15.65,12.78,18.14,15.78,17.62,13.97,11.69,-19.24,-7.26,-13.85,12.47,-18.66,11.61,12.79,9.77,18.36,-14.87,16.18,-9.59,15.99,8.11,13.69,8.19,-9.0,17.45,15.65,-9.16,6.38,10.79,-16.17,14.33,-7.06,13.07,-10.37,12.01,16.83,8.03,-9.4,19.15,5.8,-12.97,5.69,13.7,5.41,-18.43,12.2,15.11,17.68,10.15,19.72,-16.99,-6.11,14.26,-14.98,-9.97,18.67,-12.77,19.66,8.02,13.18
12.12,14.97,12.18,-19.24,14.67,11.44,5.52,9.44,11.15,8.23,16.1,9.98,16.66,5.12,-6.01,-18.12,17.27,-5.54,14.55,15.45,-15.47,6.78,18.09,14.27,6.81,7.95,-19.04,11.04,9.94,16.67,9.62,-10.58,12.01,7.9,17.97,17.81,5.19,15.19,-9.78,5.58,17.03,19.84,5.95,-16.33,6.47,-18.21,16.96,-8.12,-11.9,16.51,10.4,12.69,18.82,14.2,11.59,5.84,18.67,-6.11,-9.96,12.21,-12.4,6.73,14.89,-17.05,-12.84,19.6,14.19,15.29,12.95,5.32,12.06,15.78,11.81,-11.05,13.89,19.89,-10.45,12.28,-8.19,-13.78,17.13,5.49,9.83,-19.24,-16.13,7.84,-7.19,17.59,17.44,-9.26,8.64,15.01,13.76,10.11,10.93,18.48,19.89,15.47,-8.16,19.02,9.7,10.32,11.21,-5.11,-14.54,9.32,10.33,-7.15,6.79,16.37,5.5,-10.92,-6.44,-6.62,7.4,8.85,6.91,9.7,16.48,6.31,9.4,18.03,10.91,15.08,14.86
5.14,12.45,14.04,19.12,13.41,-8.82,10.61,-9.88,5.23,5.36,5.29,-5.45,-15.91,-14.41,-9.69,-10.15,-11.05,7.17,-9.81,-11.22,-14.94,15.22,6.49,9.34,7.73,7.97,-16.82,19.5,7.56,7.95,17.8,8.0,15.04,10.31,11.05,11.93,16.8,5.46,-11.35,19.5,11.59,8.43,-10.9,6.56,10.22,-9.76,-14.25,-12.89,9.39,14.44,7.41,-14.85,-9.98,18.28,12.63,-17.75,8.82,8.25,7.98,-7.65,17.88,5.7,-11.47,-7.67,7.57,15.67,18.69,16.63,-10.8,-16.3,6.18,15.93,-16.1,15.91,-18.74,17.86,10.09,7.75,5.33,9.93,-10.94,11.29,6.97,19.06,8.34,8.3,12.08,11.23,14.27,18.37,9.26,-9.53,16.47,17.48,18.44,7.66,8.58,16.27,-12.17,14.81,14.13,-13.15,16.96,16.74,8.9,15.98,16.5,-10.09,18.34,15.36,7.6,-18.28,-15.04,6.27,-6.8,11.77,16.69,-16.0,-5.04,-6.9,13.0,14.2,6.73,14.6,-14.29
17.93,15.32,10.63,-18.75,-7.02,6.46,11.07,7.18,19.87,19.42,13.83,17.15,-17.4,12.43,7.9,18.82,-16.78,11.35,9.31,-8.86,-10.41,9.45,-17.15,5.62,-6.83,11.85,10.37,-16.48,11.28,-8.9,19.14,5.19,5.55,15.06,19.72,13.71,7.93,6.37,19.9,15.86,-9.96,14.61,16.54,11.27,-11.08,11.51,-18.17,13.86,10.18,15.74,7.85,7.29,-10.04,11.68,-8.54,10.52,-5.47,6.02,10.25,7.36,-7.65,6.52,18.01,16.64,12.18,7.0,-11.81,-6.05,-10.09,-18.14,7.83,-9.03,5.92,5.57,7.54,9.64,8.12,19.24,8.77,12.71,-15.43,16.1,13.92,17.74,-5.16,6.63,15.63,12.23,-17.34,9.59,7.88,18.25,11.88,-12.27,13.11,14.63,14.78,12.77,12.97,-16.77,-8.14,18.03,13.88,8.88,14.32,18.11,-8.62,18.63,16.73,-19.16,8.41,-6.43,11.8,18.33,13.61,9.64,11.93,11.55,13.3,16.17,12.38,9.27,6.81,10.79,16.7
-8.09,14.08,5.86,17.09,6.04,-8.01,9.43,5.4,16.84,-7.37,8.34,-7.1,17.5,-7.17,12.41,-18.25,18.37,19.96,12.25,-17.96,-8.63,-17.93,8.83,-10.01,10.63,5.04,15.34,11.04,17.24,8.37,14.4,6.19,12.26,8.42,18.6,-19.52,8.19,-13.69,8.22,16.95,-17.67,18.7,16.14,-9.01,9.96,15.22,14.3,-12.06,-7.12,10.4,6.74,-18.56,10.28,17.5,19.61,-8.84,17.35,14.06,12.28,18.16,12.95,-11.22,16.6,6.03,5.4,5.54,-15.75,-9.84,12.64,-10.1,6.7,5.69,12.58,-10.75,17.38,-8.55,17.59,-18.51,14.55,12.3,15.12,17.88,19.12,16.14,-19.49,10.92,19.12,10.59,-12.65,-16.18,14.1,14.62,-11.73,15.41,17.18,12.74,-15.9,-9.09,-11.02,-12.54,6.75,10.89,-14.83,18.52,16.08,14.4,11.15,12.35,15.86,-8.52,10.74,5.91,5.16,19.3,-13.71,19.3,8.5,8.1,10.15,18.06,18.32,-17.25,17.95,6.74,-18.87
-15.12,-17.2,-5.3,10.3,7.71,6.14,6.36,16.49,6.43,6.46,10.66,-16.88,14.27,-12.23,10.52,8.44,7.27,15.66,13.99,19.21,-18.84,14.93,7.51,5.58,10.74,18.55,11.74,16.39,6.0,-14.66,7.32,-10.19,13.43,16.63,-12.3,13.58,14.05,10.01,9.17,5.3,-10.77,15.82,-5.37,8.3,-14.8,15.44,6.99,11.8,5.5,-8.4,-5.71,-5.07,-14.09,12.41,10.0,9.67,-16.24,-11.99,-10.24,19.66,6.5,19.1,5.25,16.36,16.63,-11.22,9.95,19.51,-7.97,12.17,-13.24,17.92,-16.14,5.44,11.2,12.57,-9.52,8.66,16.94,18.23,12.39,13.9,-7.16,6.45,-5.42,15.19,14.17,-14.94,-8.84,6.68,-8.52,-17.13,13.4,12.46,6.9,15.79,19.9,-15.86,18.04,-16.79,-18.51,10.15,19.23,-5.62,14.08,5.3,18.37,19.19,7.84,14.93,-14.84,6.95,9.41,6.07,17.95,12.56,8.53,7.02,16.75,18.61,15.67,-10.28,10.99,6.86,12.0
7.59,15.48,-13.41,19.83,6.03,18.6,8.91,12.51,12.88,12.82,11.34,-11.6,17.59,12.5,12.76,18.69,7.65,16.16,13.09,17.23,8.81,12.59,-9.1,-7.87,10.28,15.74,14.62,-15.12,7.04,19.45,15.46,11.62,-14.57,13.08,-18.61,7.57,-11.87,-17.0,16.25,-19.27,17.64,5.13,8.78,12.46,12.39,17.5,11.69,9.11,-8.73,16.13,15.48,18.22,19.21,-5.76,-9.23,15.22,7.87,19.71,16.54,-7.46,7.67,7.31,6.73,-12.2,14.34,17.3,15.12,-13.31,10.92,18.23,19.03,-14.76,10.32,-19.59,13.8,10.49,13.09,13.56,13.19,11.86,11.23,5.8,-15.14,7.58,6.32,16.58,7.08,-17.6,8.18,15.5,5.5,-17.3,-11.73,5.15,6.7,-5.25,14.71,18.54,9.79,17.5,16.36,16.79,19.2,5.66,18.93,13.12,13.87,6.72,-8.27,11.09,18.8,5.26,9.15,5.37,11.55,11.65,-17.25,15.88,-11.03,13.29,10.24,9.21,11.98,8.47,-18.2
-6.33,16.14,5.72,6.37,-12.8,11.04,19.69,-18.16,-14.2,9.36,10.6,17.32,-16.77,15.36,15.42,10.91,-13.19,16.18,15.84,10.53,9.51,16.59,15.21,9.68,-11.8,14.1,9.97,12.07,-12.06,-12.96,-11.56,-8.59,13.19,5.3,12.47,10.95,-16.19,-11.95,-7.52,-12.31,-15.35,11.97,6.07,-7.01,9.59,9.5,18.86,-13.51,-7.35,14.45,17.99,19.52,12.1,12.12,-15.95,-7.73,13.6,-10.03,19.82,8.15,14.16,-17.09,-14.09,15.45,16.67,15.1,18.3,19.47,9.27,13.34,-16.02,9.82,12.08,6.57,-18.85,10.13,15.8,19.35,-15.6,9.98,-13.47,-8.19,-11.68,8.78,-18.98,-19.81,10.48,-12.36,19.28,-14.8,7.41,8.38,-9.74,5.3,15.56,16.12,-8.09,6.93,19.23,5.17,5.31,15.98,17.3,11.37,10.18,8.44,7.07,9.85,-6.32,10.09,14.79,-8.92,-13.28,13.7,6.9,6.11,8.48,8.51,8.89,12.22,8.67,8.19,5.73,10.38,7.52
16.76,11.41,16.92,10.76,11.78,5.88,14.31,7.74,9.45,-17.38,8.83,-15.02,13.66,13.89,-14.76,13.08,-9.15,14.62,8.45,12.84,7.12,15.09,-14.0,-12.78,-7.84,-9.47,18.02,16.27,10.89,14.26,13.58,-5.57,13.38,-13.42,-8.98,5.27,15.74,10.15,5.54,6.63,-18.78,6.71,9.98,15.24,17.61,-16.96,11.59,13.21,11.6,17.73,13.98,13.87,-8.35,14.56,17.23,-11.35,9.63,14.9,7.43,-15.38,7.35,14.25,13.22,16.53,15.32,-13.65,-14.55,7.58,17.44,-14.4,14.69,15.69,15.35,18.58,11.41,-5.15,-12.04,18.82,11.97,6.74,16.82,10.93,-5.0,-6.86,-11.98,14.56,-11.65,-13.21,-11.41,-12.46,19.39,-12.81,-13.78,5.04,8.9,7.49,16.93,-5.22,-16.96,13.51,-8.49,12.02,11.42,14.31,9.41,-16.09,9.28,11.32,7.01,12.59,16.13,13.54,18.81,15.01,5.34,9.55,19.95,-13.27,7.43,11.01,17.99,7.05,11.07,15.93,11.39
-17.64,15.69,14.55,-12.83,7.54,11.47,-8.21,18.55,5.3,11.26,-14.42,15.05,-12.3,17.99,-11.22,-7.14,-13.5,14.83,6.9,-11.2,-19.88,12.87,-8.86,-8.07,17.98,14.41,17.36,8.01,14.56,7.63,10.03,7.45,5.27,18.13,-8.18,-15.73,16.73,12.59,-14.97,5.77,8.5,19.5,-16.61,14.71,17.87,15.66,-6.34,18.87,14.44,9.34,17.1,-8.98,18.04,6.95,7.76,-8.15,10.84,-7.02,14.41,-8.04,9.03,-6.08,-16.76,11.01,18.11,12.97,-6.09,-8.81,-7.25,-19.67,17.29,13.69,-9.44,8.5,6.85,12.01,-5.07,18.0,17.55,-15.38,5.3,-5.25,9.05,14.63,9.93,14.4,16.29,15.01,12.45,5.64,19.46,16.53,11.13,11.92,-12.83,16.46,-7.03,17.78,13.8,-19.7,5.77,-19.57,19.45,9.23,-9.92,-18.83,-17.24,15.5,11.83,9.16,11.03,14.67,17.8,13.27,-14.14,-16.37,14.83,8.28,-18.17,6.72,-12.6,8.15,8.24,-19.14,12.17
11.37,19.05,19.13,-14.88,16.76,8.66,-14.3,7.03,-18.4,12.7,-16.97,5.16,-19.34,14.24,18.49,17.6,5.12,-5.43,7.53,18.44,-11.76,-8.83,-11.14,18.41,6.43,10.23,6.66,14.19,16.4,19.62,11.53,14.35,12.54,12.99,14.49,-12.34,7.49,-15.61,10.24,-5.52,17.73,5.77,11.08,17.81,7.82,14.45,18.85,13.03,6.46,13.01,19.84,17.23,13.53,17.08,-5.52,9.26,13.96,10.29,19.72,-15.94,15.93,14.2,14.96,7.01,-15.73,-19.17,8.33,18.41,19.5,10.28,-14.96,16.92,18.06,5.4,-7.82,10.55,15.46,11.2,-19.35,7.69,-17.65,7.3,17.02,-10.74,-6.75,10.78,-16.36,10.56,11.19,14.46,17.15,-8.49,13.71,-17.26,6.67,-7.8,14.02,-11.65,19.01,13.05,10.01,10.88,18.69,-16.69,11.17,12.11,10.99,13.57,-9.94,14.75,-19.45,8.17,11.88,10.96,10.13,11.39,6.16,12.77,15.17,17.83,-9.5,7.72,-16.01,18.75,11.25
6.27,11.48,-13.34,5.99,7.45,9.0,18.29,11.81,-7.41,-11.81,9.32,19.67,-10.5,18.57,17.56,12.87,6.36,13.66,14.44,17.67,12.32,11.96,11.99,16.06,-13.58,-17.7,13.01,8.7,19.3,13.94,-16.41,-19.34,19.76,13.02,-16.18,14.78,7.05,-10.27,-14.79,-6.96,13.18,16.41,15.62,11.53,19.65,17.24,7.6,-5.95,18.84,5.88,12.53,-10.95,7.13,-5.16,11.77,-7.59,-15.72,9.46,-15.0,8.57,5.21,-13.14,16.83,13.45,7.12,9.82,12.0,7.73,11.44,19.07,9.02,-7.41,-16.39,8.21,9.01,9.92,19.47,5.89,18.37,-8.61,16.32,13.79,12.91,17.12,14.24,-18.12,15.99,18.09,14.52,9.84,-10.97,10.78,-9.61,15.03,-17.76,6.96,5.15,19.99,-11.53,9.06,-6.22,12.57,-8.85,10.9,17.93,5.87,-6.15,16.37,-13.49,12.38,12.7,-17.64,15.3,8.99,6.73,-5.89,-12.06,-18.14,19.57,11.34,15.18,-13.56,12.45,11.15,11.43
12.34,9.07,7.67,19.3,-16.96,-18.12,-10.25,17.49,8.83,14.84,17.26,-15.47,18.42,13.13,12.24,-19.7,14.37,-5.26,10.3,17.75,10.28,-19.23,-11.35,17.66,18.56,-14.97,-14.36,19.46,9.06,-6.24,-12.57,6.17,11.72,11.68,11.24,-5.1,14.0,-13.75,7.06,13.21,19.99,-17.62,19.29,19.91,16.6,9.44,7.3,-16.23,-10.82,18.24,-13.7,14.08,-12.11,18.94,13.46,7.26,-13.91,-15.36,9.81,-10.64,5.14,5.72,12.07,8.99,19.22,-13.57,8.3,12.02,16.58,-16.74,6.02,13.51,-16.64,8.37,-12.82,-14.22,12.76,12.75,13.79,11.97,11.59,-14.85,19.36,5.57,18.47,17.83,16.21,-8.35,7.64,12.86,18.64,15.47,-12.14,11.36,15.52,-8.61,13.24,13.39,6.92,-7.58,9.47,15.1,13.7,15.2,-7.89,15.51,17.99,-17.92,11.26,17.93,-13.81,5.72,-14.15,6.44,15.25,-12.12,7.21,8.54,14.47,11.55,-13.03,19.67,-9.38,-16.62,17.61
11.58,-6.83,7.73,6.49,16.11,13.38,-18.37,18.09,-9.86,16.97,5.26,8.22,-9.53,16.35,7.57,19.68,8.55,-5.55,14.75,18.99,10.01,18.04,18.71,-5.98,9.58,10.52,10.66,12.05,6.67,15.39,-16.64,11.68,18.45,10.4,14.94,16.37,17.89,18.89,15.08,5.63,-5.72,18.42,19.28,6.89,6.75,10.45,18.18,17.29,-13.94,-7.0,12.16,-11.03,9.09,16.13,16.31,-19.16,8.72,-14.25,18.37,8.3,7.44,17.01,19.41,-11.75,-8.43,8.54,-9.75,12.79,6.38,15.2,16.51,13.42,8.01,17.12,14.2,14.99,-11.42,16.82,19.3,-5.07,-16.24,8.17,-5.85,9.92,18.92,8.92,15.64,7.49,5.06,11.69,-10.98,19.55,13.61,5.35,12.89,-17.34,14.12,-9.9,5.98,13.51,6.62,11.57,-9.17,19.24,-7.18,7.43,-14.37,13.66,10.19,18.59,-13.4,18.25,7.86,9.61,12.9,13.85,7.47,-16.22,13.39,17.1,11.01,16.87,9.73,-12.29,12.21
9.07,8.45,12.94,-16.15,7.44,18.57,5.46,10.89,15.46,17.96,10.98,10.07,7.04,12.67,9.08,-15.28,-14.56,19.0,-6.21,16.97,-8.98,15.57,17.6,8.54,-16.65,11.29,9.92,16.4,13.56,12.62,-6.04,-14.31,8.27,10.33,14.81,6.39,5.27,6.08,-5.2,12.57,5.27,-6.55,7.48,13.45,15.54,-5.51,-18.65,-19.47,-10.77,17.67,15.48,-7.01,10.87,-6.56,-17.4,10.78,10.98,11.73,19.46,13.07,9.99,-8.04,6.83,-6.01,17.97,-11.88,7.93,-10.26,5.73,10.62,12.02,-12.77,-5.53,14.02,14.43,-11.21,15.14,13.45,9.38,6.93,15.87,-13.94,-14.5,10.09,16.93,13.75,13.89,7.94,-17.08,11.4,19.3,12.77,-7.66,5.1,8.64,17.27,5.57,19.73,7.48,-16.72,7.01,-10.19,5.65,15.15,12.18,19.99,-14.86,9.87,8.11,-8.49,11.56,-6.07,19.0,19.33,12.03,-9.54,18.08,6.32,-10.25,16.41,-5.92,17.86,5.04,10.94,12.91
-19.45,19.39,12.92,9.33,14.75,8.29,-8.67,16.02,11.15,15.16,7.33,12.87,-16.68,-16.28,15.44,-5.4,12.62,14.65,-8.44,17.97,5.05,18.01,10.36,16.77,17.5,9.31,5.72,8.8,11.8,-14.12,-17.32,17.44,8.27,11.36,10.41,-12.18,-14.41,5.08,-8.68,-18.84,14.75,-12.36,10.59,10.14,-10.78,8.28,11.84,-17.68,-12.19,11.05,9.04,-16.9,9.79,17.5,-13.65,11.49,-6.34,6.39,9.81,-17.32,-8.83,7.64,18.88,6.11,-15.44,8.07,19.1,-19.39,12.08,13.04,9.89,15.39,12.72,11.32,10.86,12.78,7.68,17.83,17.2,17.55,9.16,18.73,-11.84,-17.19,5.76,6.55,-6.71,15.86,-6.31,7.54,10.98,-17.76,15.36,-11.18,-11.8,17.75,10.67,-14.09,16.8,9.92,7.87,-16.37,18.92,12.68,6.11,7.08,11.86,-19.19,-14.52,-11.17,8.31,17.71,7.89,13.25,-14.59,-16.4,5.14,7.61,19.55,7.5,18.33,19.97,-13.21,-12.16,15.91
14.2,12.88,-9.11,17.34,16.69,12.74,-18.32,9.4,16.31,8.85,18.16,-15.07,14.09,-11.86,8.63,15.85,10.87,19.75,5.5,-7.67,19.47,8.38,8.87,-12.42,10.09,6.55,-14.35,16.87,11.24,-7.96,-15.94,15.8,12.54,-18.99,7.07,-13.78,6.31,-16.64,10.3,-12.59,11.26,7.04,-9.33,13.22,18.36,6.25,14.22,19.25,19.71,10.03,17.88,11.96,16.69,17.09,-16.96,-12.17,10.06,-6.69,8.53,18.5,-12.12,-13.39,8.52,5.98,12.99,10.73,10.92,19.98,19.2,18.04,19.69,13.02,7.96,6.11,8.38,10.91,11.85,13.62,8.98,9.96,15.62,-10.23,5.24,19.36,-12.98,-10.79,-9.47,-14.56,7.13,14.44,19.06,5.49,16.25,8.83,-9.56,9.23,15.13,-11.27,-13.94,-13.44,-15.84,5.86,-10.35,8.46,12.57,13.12,9.56,14.27,-6.46,7.54,6.07,12.42,6.88,18.52,13.96,18.76,17.2,-19.43,10.94,-18.03,9.59,-14.42,10.48,19.68,5.69
15.49,-18.45,14.44,18.32,10.06,9.95,-15.72,-16.68,6.9,9.48,12.71,12.09,-7.79,8.25,11.13,8.59,8.28,-13.95,13.47,14.76,18.36,6.11,7.56,10.89,-5.3,15.37,10.96,-10.83,19.07,13.35,7.32,-17.06,11.58,-19.19,14.68,-14.76,8.36,13.68,13.05,5.24,-10.35,9.34,-17.85,-19.16,6.0,6.27,-14.3,5.37,15.13,12.27,8.33,-19.43,-19.45,16.54,6.24,18.37,17.3,-6.64,-8.2,-12.3,-15.96,19.47,5.26,6.08,-13.08,16.37,-18.84,-19.0,10.31,8.26,-8.02,-7.34,-13.93,-13.35,-18.56,16.73,15.09,8.18,-13.8,-9.05,13.56,9.88,9.92,12.5,9.91,19.8,13.07,-15.97,-5.67,16.62,5.29,9.0,19.22,-8.1,8.6,14.34,-5.46,-14.77,7.43,-7.06,-8.56,6.96,5.33,19.23,-17.92,6.86,-16.86,-6.03,-14.66,17.68,-11.92,11.18,12.37,5.64,8.13,-18.04,17.75,-16.7,7.77,11.91,18.8,11.5,7.47,18.47,6.42
19.02,9.23,-7.72,14.6,17.94,12.43,15.2,-17.53,7.82,11.29,12.86,10.4,11.25,18.96,6.64,18.6,8.96,10.66,9.5,16.15,9.48,-17.05,-11.09,-9.5,9.38,15.34,11.32,15.46,8.32,6.07,6.96,17.81,-19.26,13.54,13.22,16.25,14.82,9.86,16.71,13.49,-17.38,-6.57,14.17,-5.99,-10.33,15.35,-9.77,-6.32,7.86,-14.07,17.9,18.82,9.37,11.52,12.92,13.83,-8.59,17.1,13.92,14.41,-14.77,6.01,-14.21,6.94,15.3,-7.22,5.03,15.12,7.54,11.81,-10.68,11.48,10.59,5.26,11.17,5.72,-11.22,-14.84,18.8,18.36,-7.33,13.5,6.68,10.63,-7.66,19.89,6.01,19.92,-19.06,8.63,5.93,14.01,13.56,15.58,9.25,-18.12,14.21,19.43,-7.46,19.31,8.4,5.55,-13.6,-11.69,-19.6,13.56,-16.38,19.85,14.0,17.82,-12.58,13.55,7.58,7.67,14.15,-11.14,10.62,-16.39,14.04,16.03,16.31,15.85,6.9,18.62,7.65
13.46,16.4,-9.34,-14.74,9.51,6.47,-19.12,15.16,-7.38,15.26,-12.51,-6.15,7.94,10.93,-16.88,8.72,6.79,-12.0,13.18,15.94,12.3,10.47,10.49,6.47,13.17,14.67,-14.21,-15.2,-13.52,-7.22,9.31,16.22,9.25,11.53,15.75,15.81,5.63,6.43,-13.8,12.11,17.11,8.76,14.71,8.17,-15.41,6.92,5.44,17.39,-8.95,15.62,6.85,5.25,6.33,7.82,9.2,6.83,7.72,18.81,8.42,11.07,14.68,-8.54,15.56,-8.88,13.9,6.61,-13.48,-18.27,-16.1,10.83,18.69,-17.67,12.75,9.94,14.36,11.87,7.63,13.73,18.03,18.35,-5.26,5.61,-19.24,18.78,9.24,13.4,6.79,5.17,12.9,12.81,12.52,11.6,13.98,8.7,-7.55,19.91,12.12,10.57,-17.16,16.27,6.16,-7.58,-18.78,17.94,15.58,-18.04,-18.6,14.49,17.04,-19.25,9.21,5.29,9.2,10.97,19.67,-17.6,-14.96,7.2,6.18,-11.69,16.16,15.54,11.78,9.59,-9.49
5.95,16.64,19.42,6.17,10.91,15.74,9.3,-5.98,-19.92,15.15,14.63,-12.1,17.3,16.9,-6.78,10.79,-5.8,10.79,18.55,18.74,7.11,16.97,-18.96,-7.94,14.55,9.71,15.13,14.52,13.27,-5.71,17.53,14.97,-13.81,8.32,8.52,-10.21,13.72,10.0,17.05,16.61,-15.29,8.84,11.08,8.72,12.01,-16.24,-18.84,6.0,18.38,14.03,17.24,15.01,5.4,-13.25,10.74,12.88,-11.35,-9.52,18.33,6.37,6.92,12.4,11.94,18.89,13.29,10.05,7.27,15.2,11.07,13.67,-10.55,-18.12,9.29,7.46,9.04,14.53,-5.19,5.45,15.04,11.6,8.41,11.92,11.53,6.8,14.58,9.7,10.18,15.26,-16.79,18.07,5.58,-6.54,17.19,15.69,17.77,-5.57,8.22,5.05,10.91,17.1,-5.1,15.36,10.51,10.17,-15.03,17.82,-17.35,10.98,-7.44,11.12,12.8,8.26,16.2,-5.49,-9.73,13.67,-13.98,7.79,-17.22,5.1,-9.74,6.93,18.28,18.82,14.6
16.78,8.99,14.32,10.92,8.66,5.15,15.33,6.0,-18.07,18.13,16.6,6.01,9.58,16.35,5.39,16.06,-16.68,18.92,17.0,11.9,5.97,15.6,18.39,-15.82,-12.17,14.68,16.77,-5.67,-14.16,18.48,19.84,10.04,6.98,16.05,-15.72,-10.51,15.94,7.71,16.21,12.85,13.38,12.86,12.06,-14.9,-16.19,9.04,9.82,9.8,16.52,10.46,15.96,15.04,10.77,9.17,15.89,11.3,-8.32,-14.54,5.38,-11.93,10.17,19.99,10.87,15.01,14.05,10.69,12.55,5.42,17.68,-17.17,6.3,10.86,11.68,-6.5,-18.96,14.14,14.76,15.57,14.4,10.76,-6.67,11.0,14.24,9.43,8.09,-16.91,-9.38,-11.81,18.64,10.64,-15.71,13.85,-10.51,14.54,-6.96,-11.05,19.73,-11.82,-12.26,17.68,9.41,17.87,19.55,7.6,12.97,7.64,-6.46,18.77,12.34,5.95,6.21,8.92,16.54,10.25,-16.44,-18.62,8.65,5.19,10.98,10.81,-15.78,19.88,-19.51,9.22,6.11
6.84,10.97,-13.3,-5.1,-13.86,-12.52,-8.43,17.11,13.81,-9.04,-17.12,8.25,17.02,17.05,-14.8,5.06,17.01,-12.4,-17.12,17.96,5.63,6.15,7.52,10.16,-13.41,6.98,12.73,12.5,14.2,14.51,11.9,18.53,-18.88,8.1,19.22,13.5,6.48,13.23,-17.08,18.58,6.24,12.99,19.76,12.97,12.48,6.28,-10.08,6.16,18.76,7.49,-9.56,11.83,7.45,-14.99,15.18,15.88,10.57,-10.91,14.94,-13.77,11.7,11.42,-12.72,10.48,6.57,-6.27,14.35,15.06,10.33,-15.93,15.25,-19.54,18.7,18.15,-18.2,6.1,8.76,10.79,16.35,15.14,12.65,-6.95,10.55,-6.23,12.63,7.47,-9.03,7.96,14.9,8.14,-9.97,8.01,-6.94,15.17,8.37,19.03,15.35,-16.31,-5.2,9.09,-10.03,12.5,8.93,-5.22,13.84,9.52,5.97,12.69,-7.81,-19.22,11.66,18.16,9.01,-10.05,-12.01,-6.57,12.96,6.87,11.29,10.52,-16.52,-14.34,-10.18,6.52,17.18
13.33,14.38,8.66,-17.54,-11.49,11.73,-7.05,12.2,-7.92,7.6,11.0,-13.55,-14.79,-19.77,-11.7,15.74,13.78,7.18,5.97,-18.53,-9.32,7.41,16.59,19.4,-15.38,8.96,-6.54,6.07,17.33,-19.74,10.77,13.94,18.93,-14.84,11.57,16.84,6.33,6.56,-17.67,5.3,7.37,8.78,14.82,8.32,18.5,13.43,16.91,17.57,6.0,18.6,13.96,14.1,13.92,13.05,8.88,13.97,10.91,14.36,18.09,-16.02,19.83,6.05,-5.29,-16.2,-16.7,5.06,15.0,13.12,18.25,-13.22,13.21,-5.35,18.23,-19.17,-5.87,11.44,13.82,19.92,-13.04,8.27,9.25,11.0,10.05,14.05,14.16,-14.65,-17.14,15.49,12.49,-13.11,19.92,-13.6,-5.3,10.23,-18.65,16.76,-11.68,-19.8,14.77,17.42,13.71,11.06,-16.18,-19.8,19.42,16.0,19.24,9.0,8.89,-17.48,15.56,7.46,-8.71,10.56,19.38,6.03,10.45,16.13,-16.83,-12.64,-19.98,-8.57,14.11,17.48,11.16
-17.29,9.75,9.21,17.53,9.6,7.14,10.69,13.09,-15.54,7.69,-6.28,-20.0,11.14,14.34,9.09,14.31,16.72,-10.27,6.54,-16.36,18.83,-15.55,12.21,11.98,11.8,14.34,-6.73,11.55,-17.29,-17.89,9.3,-13.75,13.2,19.5,-14.13,9.85,9.11,-18.73,8.53,-8.83,8.25,19.9,-16.21,-18.63,17.58,19.09,15.35,7.26,8.78,-5.22,-9.08,13.46,8.47,18.6,10.04,17.68,-19.79,18.85,13.27,-6.35,16.36,14.59,14.87,18.31,19.84,5.46,-6.84,16.39,14.23,9.87,11.97,9.52,-13.39,16.29,-16.69,-14.25,17.58,14.3,-13.74,17.43,13.54,7.91,-19.5,16.52,-7.35,9.97,-16.12,-9.99,-16.72,-7.76,9.08,16.42,6.22,9.5,-19.62,19.35,-11.56,-17.19,8.79,19.74,19.86,9.77,13.01,13.44,10.97,-11.3,-13.24,7.09,14.39,9.09,15.95,18.13,18.85,17.18,-12.48,-13.71,-7.74,19.45,10.13,16.01,14.96,8.76,-7.11,-12.02,5.57
-10.97,14.41,6.39,11.61,5.18,-5.0,19.06,15.73,-5.33,10.67,-6.04,10.72,19.08,-6.8,6.41,10.47,7.9,14.43,15.58,19.79,-10.28,11.95,-16.96,19.28,10.45,15.3,8.26,8.01,-6.11,9.56,-13.67,-16.65,13.7,8.2,19.75,7.68,18.15,7.54,-16.48,-17.61,9.86,7.18,-19.79,13.47,7.14,-12.02,9.03,17.25,-10.69,-11.31,14.96,-14.56,17.35,10.32,5.27,10.67,17.29,19.18,10.47,15.3,-19.85,-13.11,14.03,7.79,-14.85,-15.57,8.72,11.93,-7.69,17.69,12.59,7.27,-19.17,13.15,7.49,6.03,15.35,-14.6,-8.32,9.99,18.74,15.88,-11.74,8.2,-12.44,10.13,-7.9,5.53,7.91,-10.41,17.23,18.31,8.85,-5.06,8.01,7.96,8.82,-12.67,10.08,8.44,19.91,-14.63,10.16,12.63,-14.41,-8.68,14.99,14.27,12.45,5.83,9.31,-10.86,14.46,-10.52,12.38,-9.04,17.98,7.87,6.66,-11.79,10.98,-10.04,-17.3,12.77,15.04
-5.63,-16.0,-7.13,19.04,15.32,-18.63,13.23,11.64,-19.16,6.12,7.46,16.36,6.14,11.0,7.95,19.92,17.58,11.21,7.35,16.67,10.24,12.3,-12.9,6.86,9.18,15.96,-8.95,16.28,-13.32,12.91,10.8,11.57,12.75,13.11,-17.84,13.16,8.55,-10.53,11.05,14.82,7.98,9.05,15.98,-6.68,-6.64,19.14,5.56,14.84,-5.38,11.34,7.99,9.5,-13.93,-6.86,-5.53,17.55,-11.11,-17.9,11.82,11.86,14.44,19.35,18.38,19.68,-10.93,-11.17,15.55,-19.58,-11.71,8.83,6.25,8.52,-18.41,11.81,8.53,8.67,17.2,14.84,16.78,8.55,-7.93,15.88,17.33,5.0,14.24,-17.82,-17.01,19.68,16.33,-6.27,11.01,14.01,-7.57,7.49,13.56,17.07,6.34,16.24,16.14,-10.08,-5.49,19.1,14.9,15.82,8.74,7.4,-17.31,5.9,7.68,-15.33,10.16,13.37,7.72,10.58,16.37,14.31,8.52,14.89,18.05,14.71,-12.18,-7.2,10.31,10.9,18.01
15.26,17.59,18.51,15.49,7.07,-12.5,12.88,11.37,6.81,-16.07,10.41,-12.42,15.34,8.66,13.83,-7.09,16.75,12.69,16.62,-8.54,-14.47,16.09,18.58,10.84,10.73,17.49,16.34,5.21,-13.96,8.94,14.05,5.43,10.15,-6.25,19.15,6.42,-19.86,9.44,13.52,10.31,17.56,-17.35,15.43,-6.02,5.67,14.8,10.06,19.37,-7.62,18.78,-13.82,15.54,15.77,-5.54,6.0,12.61,-17.99,19.26,17.53,-14.13,12.71,17.07,9.27,16.93,6.06,-14.32,8.72,5.34,12.16,9.44,13.88,15.99,8.43,13.16,9.42,-10.88,-19.73,12.16,12.5,-17.52,17.84,13.99,-7.37,-9.72,-6.78,-6.55,-18.86,-11.4,6.19,-18.35,18.07,15.83,8.82,9.98,5.31,5.6,-5.24,19.41,10.12,13.05,-10.17,-15.55,-13.4,6.99,7.16,5.45,14.59,19.85,7.42,15.04,19.78,12.91,-14.21,16.66,-11.29,16.01,9.38,-8.49,14.06,7.18,-10.4,13.64,-6.56,-15.15,16.96
14.6,12.56,-14.06,11.27,8.48,14.35,19.11,-5.75,9.6,-6.91,-12.37,8.81,-19.22,7.46,15.28,-15.71,17.19,-6.28,15.52,10.26,14.01,17.28,10.86,17.51,14.28,8.05,6.88,8.55,8.48,10.97,-9.24,8.61,18.01,16.56,8.29,16.07,19.32,-8.1,-15.66,19.23,17.95,19.66,18.19,-16.7,12.99,-15.4,14.61,-10.38,19.08,13.96,11.72,-9.76,-11.4,19.57,-10.59,-15.12,14.81,19.11,-18.23,-19.43,14.45,9.75,-18.56,18.57,6.82,16.2,17.54,10.67,-18.57,11.75,13.73,-18.25,16.56,7.43,-15.99,7.21,-5.56,12.73,17.62,-6.45,10.93,13.02,17.95,18.19,-18.41,5.94,19.74,5.71,18.86,18.31,11.47,11.79,-8.82,19.78,7.96,-9.68,6.99,7.29,18.8,7.34,13.25,-8.73,13.01,19.53,-16.07,-7.49,18.02,19.37,5.68,14.98,15.35,6.52,-17.16,-6.23,5.42,-11.12,-15.41,6.88,5.43,12.58,9.43,18.8,-17.34,-19.91,10.74
-6.61,13.13,9.21,-16.63,16.34,9.71,13.72,13.1,13.23,8.89,6.38,11.03,7.92,-15.85,19.55,17.53,12.57,-14.55,10.14,-10.12,7.16,-7.4,-5.64,10.17,17.92,16.67,5.89,13.8,18.99,18.69,-15.17,12.85,-14.73,-11.0,9.43,18.03,17.0,16.79,5.95,19.36,-11.94,8.24,-10.31,-6.43,12.12,8.5,16.78,-13.2,18.99,9.52,17.18,15.51,11.5,6.39,11.25,16.59,6.09,11.91,16.84,9.75,18.07,-19.82,16.31,-12.37,8.26,7.59,12.41,19.53,6.68,-16.68,9.96,7.51,-17.33,7.44,-12.86,8.54,-7.61,-10.01,-5.78,-17.9,11.85,19.09,-8.98,7.82,-7.1,6.66,17.31,-13.87,-15.1,19.68,16.97,9.83,15.92,15.67,5.95,-7.97,13.29,15.26,14.01,6.8,8.79,18.48,13.35,14.78,16.17,10.26,-19.46,11.4,18.09,19.18,6.41,12.82,-15.54,13.25,5.98,10.05,18.57,9.14,13.38,17.2,16.73,7.93,-10.06,5.82,-10.63
-15.64,-16.68,7.73,11.51,10.01,8.45,12.61,-10.2,10.34,5.81,6.35,-15.66,-12.63,8.74,14.51,-14.26,8.78,11.84,9.07,9.82,15.69,18.5,14.77,-19.62,-5.75,12.73,-9.41,19.38,-11.95,-11.65,-15.73,-17.37,-5.67,-6.1,-15.2,19.71,15.43,15.35,10.16,-12.98,11.01,11.47,-14.21,16.55,17.66,-8.77,13.36,-9.5,11.04,-17.51,5.69,14.15,15.39,19.73,17.47,14.5,10.88,15.53,9.65,16.9,8.17,18.43,-10.5,-16.09,5.47,-11.0,13.93,5.7,-17.13,14.46,11.82,-16.91,-13.95,-16.64,5.27,9.6,8.31,8.27,12.19,16.7,-19.1,10.98,-11.41,13.43,16.41,-16.6,13.01,18.51,18.35,6.78,-10.73,-15.55,-13.54,-14.6,17.4,15.8,-13.15,18.25,13.86,-17.41,9.09,-6.32,6.02,19.54,14.52,16.9,9.68,18.2,-6.34,12.69,-16.44,14.27,8.44,13.8,-11.37,10.03,11.6,8.27,10.45,-7.98,5.11,10.86,6.74,17.79,18.18
6.6,19.26,6.9,8.14,-5.27,-12.69,8.71,-10.63,17.52,-17.82,-6.4,16.37,12.46,14.66,-14.05,-15.24,16.74,7.76,-15.83,17.22,14.03,18.64,7.53,8.57,11.35,12.66,14.06,-19.38,-14.1,7.19,16.13,11.14,8.17,17.43,15.39,11.71,16.86,19.34,13.13,14.34,-14.22,11.96,16.65,5.44,16.67,-19.87,17.61,-11.67,18.97,8.75,12.86,18.46,13.43,16.11,18.01,8.94,6.37,-14.1,19.42,-14.59,-10.73,-7.65,16.02,6.4,5.93,12.52,15.26,-16.96,12.84,10.88,13.59,16.32,-15.14,16.36,11.8,-18.08,6.91,-19.99,15.08,16.5,-10.87,19.98,15.17,6.38,10.89,7.47,-14.97,-10.8,9.14,13.71,17.51,8.86,19.91,5.35,-15.53,-14.04,8.55,15.71,-9.24,7.69,-14.15,-18.33,10.58,14.83,18.14,11.31,11.26,-16.16,11.05,-5.4,11.78,6.04,8.36,11.6,9.4,9.01,12.82,16.92,18.49,8.99,-6.41,7.13,10.52,14.5,8.33
16.62,11.87,6.4,-10.33,7.83,19.66,-7.72,9.02,11.19,13.63,-14.46,10.29,15.19,6.6,-6.79,17.88,6.81,-17.46,16.21,16.72,-19.89,17.08,-18.33,16.75,-16.01,11.38,-15.12,14.45,11.61,-10.93,-14.04,-9.31,12.38,7.89,8.03,-17.07,-20.0,5.02,-10.25,10.54,14.3,14.39,11.8,7.69,18.82,8.27,15.09,15.65,-14.83,6.02,11.32,-16.29,-8.21,13.0,12.5,19.22,12.05,6.13,8.79,15.02,19.65,9.81,18.84,-6.61,19.25,11.24,-9.82,-10.24,19.87,-6.9,13.23,19.79,18.23,15.69,-9.78,13.7,14.89,9.36,11.75,15.82,16.41,5.95,14.37,-5.02,9.33,10.37,18.28,6.25,15.41,5.82,11.43,7.77,15.46,18.76,13.1,16.77,17.25,-9.65,12.33,10.41,-12.73,14.24,19.21,14.35,-16.37,-11.08,-10.1,-11.07,15.93,19.0,-14.89,-12.1,15.6,8.29,16.29,-13.1,14.11,14.38,13.47,18.96,-7.34,-18.06,-7.14,9.88,-12.15
12.41,7.58,-7.37,14.1,16.08,13.42,18.51,18.24,-15.34,-15.41,-17.09,-19.58,11.11,6.1,9.77,12.18,-16.52,9.71,-12.93,8.33,5.05,-18.59,5.28,13.49,12.15,5.43,14.12,-12.0,8.12,-19.93,10.41,-19.12,-8.14,-15.22,12.14,15.05,14.29,16.01,15.75,14.71,-13.85,12.5,6.96,14.26,-14.24,7.69,19.53,-14.75,12.12,8.23,-7.21,17.37,-6.86,18.1,5.12,19.62,12.34,5.37,9.63,18.33,13.55,9.82,17.59,-6.03,15.16,13.37,13.56,-15.57,-15.47,10.64,12.89,-18.99,17.13,-10.94,12.56,13.28,-12.19,18.13,15.81,-19.46,-15.96,11.11,15.24,18.73,-8.08,18.09,7.17,18.91,-16.68,18.09,16.57,17.37,8.33,-18.83,-14.59,6.48,-8.63,14.66,-18.21,10.98,10.18,10.41,11.61,6.2,16.31,6.69,5.35,-9.33,5.58,17.92,-18.62,16.37,10.08,5.15,-13.15,-17.11,7.66,16.59,-13.53,7.71,-8.98,10.51,8.93,5.2,5.84
18.69,5.91,6.92,19.43,15.29,7.51,8.52,-17.16,-6.38,10.48,-18.53,11.98,14.75,9.0,13.85,-12.93,-6.2,5.32,-13.56,6.1,15.06,13.36,8.21,11.3,19.11,13.91,-18.41,9.39,15.44,17.19,-18.0,-5.9,17.43,-13.18,19.54,-13.48,-6.04,5.59,12.28,18.09,7.04,-17.67,-5.4,-5.78,18.62,11.35,-7.8,16.94,17.09,-8.19,-14.98,19.38,9.82,17.79,11.86,6.01,12.69,8.47,15.0,-12.43,10.45,-17.35,-19.1,8.93,8.2,11.27,-17.19,19.87,15.95,-12.92,8.36,16.99,-7.1,13.22,-5.94,17.65,-18.96,7.05,19.33,-16.68,13.79,10.73,17.9,12.45,-15.43,-6.62,6.75,6.49,10.08,16.35,14.81,-12.79,5.98,19.75,13.1,9.71,11.84,10.92,12.67,17.76,-7.1,-7.65,-15.0,16.98,9.43,11.6,9.68,6.99,-7.47,-17.97,-9.26,11.02,-5.34,16.64,17.39,18.66,16.03,10.96,14.65,9.17,15.5,5.06,17.94,18.81,18.92
-17.98,17.18,18.9,8.07,9.13,6.72,5.27,-11.24,-15.01,15.66,-11.71,-8.09,17.81,6.06,10.93,-5.18,11.17,10.04,19.29,-10.86,11.53,-7.43,-19.84,6.29,5.0,17.57,-12.97,-15.99,12.27,11.31,-5.59,8.11,12.11,-7.61,-12.82,-12.74,19.58,-12.68,10.21,8.36,16.98,-15.74,19.96,19.18,7.66,-15.57,15.0,-19.77,13.01,5.72,13.49,-11.98,14.98,16.17,7.7,-19.52,14.9,-13.63,8.25,-10.03,-13.22,18.97,-7.84,9.53,8.4,-14.21,6.44,9.17,-10.5,15.43,15.49,5.64,-14.68,19.74,18.36,11.54,6.05,17.49,15.8,-11.69,16.14,16.64,12.96,-9.87,-10.35,16.56,6.31,-12.16,9.58,18.77,7.89,5.57,14.67,8.06,-5.49,-10.46,-7.69,17.62,19.59,13.65,10.94,13.34,9.65,14.37,8.36,-12.74,-15.8,9.39,-16.52,-18.63,5.28,14.95,7.35,10.25,-6.34,-8.88,12.3,5.33,-8.83,17.64,-15.8,6.77,7.53,18.46,5.79
9.44,8.75,-7.53,15.14,7.05,12.0,7.73,5.01,16.69,-18.46,-7.52,14.17,5.46,-18.13,7.06,-10.01,-12.53,10.74,15.62,7.04,16.58,16.51,6.4,-17.84,7.84,18.41,-19.81,16.57,19.43,-9.21,-13.08,11.96,10.97,-5.83,-12.77,12.02,12.96,-10.99,11.14,6.99,-5.77,13.82,15.94,11.58,5.03,-10.63,12.03,19.81,6.57,-17.04,-8.25,14.85,-8.14,-5.37,-17.81,6.25,12.69,17.76,18.96,13.2,8.03,12.41,11.72,-13.91,17.41,13.55,-19.48,6.13,10.44,7.97,8.28,12.21,-9.73,14.94,16.56,10.06,11.91,-8.96,-12.25,-14.36,6.74,13.32,-18.53,9.8,10.37,17.43,-7.27,18.03,7.06,15.1,8.55,13.35,6.17,-7.92,7.57,-6.57,-16.81,19.88,8.72,19.19,15.49,-11.78,8.87,8.97,11.21,-14.71,8.46,13.3,5.48,-12.71,-19.35,16.85,11.46,5.74,10.33,-16.81,-16.76,-8.35,12.57,5.5,-14.17,11.26,11.57,-13.58,-6.25
6.49,11.92,10.11,17.5,9.73,19.28,14.76,-8.25,10.43,17.72,8.07,-13.02,11.71,-10.32,9.35,19.25,-17.12,12.22,17.94,10.71,5.68,6.67,12.81,6.73,-8.25,-13.33,13.83,16.51,10.64,-14.89,-11.8,-5.26,5.95,12.27,15.27,-16.65,10.0,17.68,-17.52,-6.95,9.48,16.34,16.77,11.97,-11.6,11.58,6.87,11.12,16.73,19.08,5.96,11.25,-19.68,9.77,17.11,-9.74,-10.09,13.4,-7.09,-10.99,9.93,-16.88,9.24,-15.9,13.71,13.64,6.01,-10.73,6.35,11.26,16.08,14.14,-5.97,-13.26,6.56,12.63,14.5,11.06,-9.11,8.12,13.73,9.65,7.8,16.87,16.49,12.37,8.69,7.45,12.49,-17.71,9.38,15.21,-9.16,16.61,19.38,6.71,8.3,7.13,-17.35,-18.22,-15.99,10.98,14.38,9.65,18.73,12.23,13.57,15.48,10.15,-15.66,12.42,-12.05,-5.6,5.67,-13.07,13.97,13.69,5.89,13.52,5.29,8.02,7.82,-9.41,-7.17,10.7
11.06,7.64,-12.71,19.29,-6.55,-5.05,16.91,-9.5,-19.76,11.71,5.37,7.16,8.41,-12.41,18.15,-5.93,-9.14,11.53,17.11,12.11,15.29,13.48,14.27,15.83,8.28,-12.83,-19.8,13.68,5.08,-13.0,14.72,12.8,-19.33,16.44,12.91,-15.95,9.3,10.48,6.39,9.5,6.48,12.42,-8.61,18.36,-18.99,-14.62,-15.41,-13.78,-6.43,14.7,15.83,17.12,5.72,-11.16,11.12,10.5,-19.78,16.94,7.33,19.76,-14.29,16.92,19.55,19.82,-10.56,-5.55,-7.93,18.31,11.72,-9.79,10.67,-19.2,11.83,-6.32,18.67,17.45,17.95,13.95,-6.95,-18.3,16.68,-7.33,15.7,14.67,16.28,11.56,13.5,13.62,-19.31,11.49,6.79,9.62,11.49,18.24,-6.97,6.37,14.94,8.86,10.15,17.14,14.08,18.44,14.16,-18.43,-19.54,17.84,-7.79,-6.49,-6.77,-16.65,19.32,19.23,6.84,7.47,16.64,17.89,12.39,18.01,-12.93,12.38,6.87,-8.63,17.97,17.88,10.32
18.94,-13.01,19.66,10.17,-7.8,-11.31,13.28,-10.02,-14.15,17.85,6.71,17.77,-9.02,-8.98,5.71,17.59,-10.24,12.99,13.15,19.71,18.89,12.39,6.48,-16.17,8.45,16.43,17.87,18.23,15.85,11.09,15.57,16.87,13.09,9.17,8.96,-7.89,14.32,11.89,12.32,16.28,16.35,-13.46,8.98,10.75,-6.31,15.29,6.65,19.69,12.94,19.0,14.03,6.77,-17.31,8.64,-13.28,-9.59,11.5,8.43,6.02,6.74,7.89,-12.11,17.33,-8.02,7.44,-8.83,13.96,6.96,5.5,6.92,18.09,11.58,-12.81,-15.24,12.06,8.43,7.73,-19.57,18.35,5.67,6.59,6.96,-12.13,15.46,10.75,-16.54,10.96,-6.27,-17.5,-7.87,-18.57,18.59,-18.8,12.31,15.04,14.54,10.76,14.87,-9.84,-8.2,5.01,19.57,7.54,12.25,17.7,11.57,-15.56,19.16,15.76,13.12,11.62,10.65,17.62,-14.96,15.72,10.41,12.18,11.45,-14.88,10.23,-8.88,15.67,13.86,-7.26,7.19
14.84,7.0,5.18,-12.93,14.69,-18.08,-13.47,15.75,-14.9,12.53,19.64,-8.64,-17.89,9.24,8.64,6.43,-9.93,6.27,16.59,17.08,8.69,8.82,-10.43,-11.81,-7.44,8.35,10.0,17.94,10.3,12.17,-11.68,10.85,10.16,-7.68,11.98,5.22,-9.78,16.79,11.74,15.05,19.07,10.8,8.61,-19.89,7.24,12.81,10.27,9.52,19.18,8.09,-5.14,13.59,-8.17,9.07,-8.44,5.1,19.37,-16.46,5.24,14.85,-9.28,17.69,-16.9,12.24,18.04,9.29,15.22,6.84,6.29,-16.01,18.82,5.18,-11.72,10.33,-5.29,13.06,13.2,13.46,16.34,-15.55,14.33,19.38,10.45,13.61,9.75,5.46,14.43,15.33,15.78,-6.77,16.66,-17.63,19.82,7.71,-7.01,5.84,5.2,14.35,16.3,12.54,10.18,15.77,-5.94,-16.82,-7.59,-16.42,6.33,-11.17,6.49,17.92,-14.63,-9.29,6.09,18.66,13.36,11.86,14.55,-19.63,-11.41,19.9,-6.78,14.35,19.4,7.51,-19.86
13.38,-6.42,14.43,18.86,-6.47,10.65,-14.55,16.41,7.86,6.91,15.24,8.45,7.83,12.8,6.45,18.2,6.18,11.68,-11.01,-10.75,10.42,11.68,5.05,14.99,19.95,17.22,-5.43,-11.2,5.63,10.15,14.66,9.94,12.67,9.19,-7.98,-11.73,11.21,15.66,11.4,5.88,16.79,19.37,-9.71,-15.29,8.66,9.68,18.35,-9.56,11.41,-5.45,-19.39,12.8,18.72,18.58,12.38,16.81,-13.09,8.08,13.63,-19.38,16.22,-18.12,10.87,19.71,-15.35,16.61,8.57,-14.55,10.46,-17.83,8.83,12.55,15.19,19.45,9.37,19.1,-7.43,-7.93,-12.85,-14.24,15.39,-10.38,-6.27,14.81,-10.1,5.82,10.19,15.38,-17.85,-6.31,-11.58,18.06,-9.76,7.84,6.3,-15.96,7.59,-9.21,-6.52,-15.35,-8.81,19.81,-15.31,8.65,14.11,6.76,16.46,16.13,6.03,12.23,7.26,-5.72,12.36,15.52,-16.76,11.78,9.57,-9.38,18.07,5.88,16.81,-16.6,12.29,10.22,-5.53
13.0,11.5,15.66,9.95,-14.47,9.97,12.49,-11.7,12.0,15.34,-11.96,18.86,9.37,-13.57,-19.4,9.09,-9.41,15.7,-16.45,5.67,17.47,16.86,17.5,14.81,11.1,13.19,-11.54,-10.6,-18.52,6.47,17.04,-15.48,-9.46,7.39,13.73,12.56,13.92,16.74,12.42,17.93,13.56,17.02,7.68,-13.85,-14.32,6.77,17.31,10.86,-6.66,-6.64,5.51,-16.02,6.23,17.25,19.2,14.23,11.72,-6.94,18.11,7.96,-16.64,-9.97,19.38,8.17,17.33,-7.69,13.96,6.28,10.76,-10.23,13.95,14.97,8.06,14.77,-10.06,5.38,13.45,13.53,-7.76,9.38,-15.65,10.47,-12.21,-9.12,6.0,12.65,-5.91,7.73,15.24,12.24,7.11,19.06,6.71,9.51,9.42,17.63,9.53,-14.81,10.48,-13.96,-14.97,-7.76,-15.85,18.76,-7.66,-7.74,-9.71,16.31,10.99,18.4,12.95,17.11,17.01,9.65,-7.15,-15.68,9.31,5.78,-11.52,-6.41,10.32,17.39,-10.17,13.76,17.43
19.64,13.49,16.89,-7.42,7.37,11.67,17.08,8.25,-6.79,-14.33,8.69,19.15,13.36,19.25,8.54,18.05,19.98,9.72,16.59,12.61,7.37,15.45,-8.08,6.63,13.43,-8.42,-17.82,12.39,-8.09,13.38,5.73,-15.35,10.0,8.22,10.67,8.53,11.2,-5.17,10.65,-12.07,15.61,-19.79,12.87,6.66,6.53,17.65,17.17,12.49,10.08,15.66,-15.76,6.46,-5.81,11.23,-11.23,19.11,13.02,5.92,17.33,14.69,12.37,7.39,9.47,-12.99,11.73,-15.99,-8.41,-14.35,15.88,-6.94,19.78,19.19,18.97,-19.58,8.54,-13.18,15.48,-16.67,18.13,-6.16,16.23,11.71,-8.37,-7.49,8.47,-11.43,5.45,15.39,-12.85,-16.94,-5.83,19.96,7.73,17.81,10.38,19.98,6.09,-15.5,14.84,19.55,-19.98,-12.88,-12.39,17.53,-13.71,14.75,14.41,8.43,9.0,19.57,14.28,9.4,10.35,11.78,13.46,16.84,-8.39,10.8,16.81,8.18,17.43,10.4,-11.6,15.01,-17.88
7.02,15.25,-19.9,-13.13,-16.08,-12.64,-13.06,15.67,6.36,-15.41,8.6,7.77,-18.75,16.97,9.93,9.03,13.2,-19.04,16.13,5.31,-16.86,11.56,19.82,-8.32,13.45,-9.87,16.06,18.08,-9.66,12.56,13.7,8.2,18.74,-11.54,11.25,16.56,10.16,9.55,14.42,10.95,10.35,5.33,17.99,-17.11,-8.25,9.42,-18.41,17.57,-7.23,8.8,8.4,10.67,-19.74,10.02,-11.85,-6.09,8.19,6.14,17.45,16.16,11.82,11.64,18.08,-6.23,18.14,11.19,15.18,10.53,16.5,8.25,15.05,17.88,8.59,17.35,-9.56,17.96,18.29,11.17,-9.85,13.4,11.2,-13.57,-7.19,-6.9,-9.86,6.01,18.83,10.72,14.72,-14.57,14.55,12.12,14.8,6.61,-5.53,-17.43,-8.54,7.83,18.9,16.21,9.26,11.21,-19.59,14.36,11.84,11.56,5.75,14.53,7.03,-13.68,-6.14,6.87,-15.96,17.84,11.06,14.88,-11.48,12.05,11.48,-16.05,14.66,-12.28,6.72,-15.69,-9.05
5.6,19.03,8.11,8.14,-8.77,18.37,19.1,-14.48,14.17,15.7,-6.79,5.87,9.07,15.83,13.0,9.3,16.67,-8.55,5.79,5.24,18.99,18.51,-6.25,19.24,10.96,-14.39,16.69,-6.63,19.91,-5.79,-5.57,9.17,12.49,11.11,18.81,10.97,6.69,10.69,7.36,-9.13,10.29,13.46,-14.2,8.36,18.64,-12.93,10.64,17.82,19.81,-12.24,-15.05,-12.27,5.94,17.88,11.51,16.89,13.38,6.99,8.39,8.49,15.54,19.18,-9.64,12.67,6.47,6.86,5.58,16.2,7.15,-7.29,9.64,10.63,-19.4,14.34,-10.3,14.57,-7.81,-8.82,-10.65,-17.33,17.07,-8.31,14.03,-6.06,13.83,-5.24,13.4,8.68,-11.8,11.06,-17.01,-18.87,19.64,11.96,8.53,-16.02,19.19,18.92,7.3,13.67,6.11,5.26,12.54,10.78,9.54,9.4,7.69,19.3,10.64,5.45,16.58,15.8,6.9,6.1,17.49,-7.4,-5.95,-18.72,14.04,-19.04,6.39,-14.3,19.32,6.67,13.05
-13.7,13.99,7.03,6.11,15.44,16.94,17.72,-6.37,16.0,-6.58,-13.08,10.24,5.22,9.43,5.02,6.2,-5.81,-17.77,-9.26,13.15,5.93,-12.21,9.51,-17.43,-8.14,12.04,17.42,-9.26,15.44,9.08,9.83,-19.99,17.43,-5.32,9.68,13.57,17.39,-13.37,17.91,-17.03,8.44,10.59,18.02,-18.48,-19.04,-10.31,-14.37,17.75,7.02,11.64,7.96,15.8,-18.41,13.79,8.59,-13.75,17.78,13.46,8.77,-5.81,11.56,11.59,-5.63,14.57,13.26,9.38,11.26,15.38,19.95,-14.04,-15.81,11.75,12.81,11.35,14.94,-5.52,6.94,14.97,-16.32,14.5,7.05,6.26,5.55,9.06,19.0,7.87,18.09,-18.26,16.44,-19.01,-17.11,-14.02,5.6,17.6,9.26,-18.08,9.89,16.35,13.27,9.28,12.64,17.84,6.27,17.63,16.74,-12.54,-11.82,-15.39,6.55,14.91,-13.76,18.61,14.58,18.6,14.25,11.77,18.81,10.02,-14.69,8.19,5.9,-17.19,-15.5,12.94,14.96
