45
90
184.13,187.49,211.95,149.33,170.65,174.4,201.62,225.72,212.26,248.62,43.43,151.93,79.75,211.38,21.88,158.82,146.74,144.54,130.73,117.66,237.34,183.28,148.56,199.68,179.5,210.31,126.57,181.88,249.91,91.24,122.56,200.49,39.92,229.16,37.13,211.8,177.37,91.52,134.93,71.41,130.56,146.53,150.27,238.87,137.39,202.67,76.4,194.86,187.86,104.04,214.26,112.37,202.76,107.75,25.28,219.84,132.58,91.2,97.38,24.61,174.46,134.44,34.06,101.93,104.28,224.53,199.81,151.86,187.36,106.09,110.99,154.23,166.47,36.95,247.97,76.6,232.27,21.48,46.32,59.5,194.21,22.88,185.85,232.69,28.1,236.18,23.34,236.22,88.31,107.23
19,16,13,14,14,20,19,24,25,10,25,23,15,17,10,21,24,23,15,19,21,24,24,15,24,16,18,19,19,10,13,18,11,14,20,15,12,19,20,23,17,21,15,23,24,23,17,25,25,13,19,22,16,23,13,19,24,23,24,25,12,19,24,18,16,14,22,25,19,25,15,15,14,14,21,14,19,18,19,22,22,21,22,11,15,24,11,19,10,13
10.6,18.93,10.71,22.17,17.13,24.77,13.59,21.7,18.5,21.32,17.96,12.58,10.31,17.14,15.77,11.97,24.98,14.16,23.36,13.71,22.24,18.76,13.17,14.46,15.71,16.96,24.47,15.53,22.98,10.56,12.86,11.07,21.42,13.34,18.04,13.26,12.99,19.12,15.43,15.09,13.78,17.18,22.9,18.43,15.43
24.64,22.98,17.88,-12.78,15.52,13.36,12.21,-10.8,18.04,17.35,22.55,10.54,15.43,10.89,-10.8,-15.28,21.13,20.11,14.38,-15.06,20.39,10.06,20.4,13.91,-24.35,11.6,22.96,-19.39,19.55,23.35,14.56,17.22,-22.34,19.82,16.74,11.97,-12.16,-18.83,17.05,20.52,22.1,13.01,12.51,24.09,22.33,19.78,23.25,18.56,15.93,19.54,17.27,-17.96,24.77,21.71,24.09,12.3,-22.31,13.0,15.9,18.99,16.52,-18.95,22.41,-12.2,23.36,24.35,21.9,11.09,15.25,-22.74,22.1,24.48,21.42,10.25,13.58,24.38,-14.98,-24.37,-16.83,10.49,-19.21,11.76,-10.79,23.67,23.06,19.36,11.16,-12.2,-10.39,14.18
-17.22,14.6,20.42,18.77,10.49,12.47,20.31,-24.45,-12.13,-24.95,11.21,14.72,13.66,14.52,-24.43,19.42,20.62,-14.56,-19.56,-16.13,-16.47,10.24,-10.12,14.67,22.63,12.36,16.2,24.73,-16.96,-12.34,-18.98,-16.85,-16.76,13.17,-14.88,20.07,17.64,-17.85,-16.09,-11.08,-20.2,20.54,-22.85,22.68,-23.81,-15.81,21.54,12.05,-10.57,19.38,10.91,19.19,-21.66,16.46,23.88,-15.4,17.82,10.32,16.94,17.43,-23.13,20.15,24.06,17.5,-14.5,-11.44,16.68,23.19,-17.23,23.43,20.23,20.29,12.87,23.09,19.38,-21.37,-16.91,23.5,13.01,16.35,23.73,-14.88,17.27,-24.46,24.45,21.64,15.24,19.19,16.19,-24.6
12.53,10.79,22.27,20.45,-19.25,10.98,-16.81,11.17,17.43,23.39,16.32,22.21,11.84,18.02,24.34,16.53,24.25,21.89,12.25,-19.84,10.01,-23.98,-23.98,19.71,23.51,14.71,19.66,-15.19,-22.08,17.27,23.94,-13.66,11.56,17.92,24.38,23.65,22.57,21.74,-23.31,22.38,14.28,-14.17,-14.05,-21.98,-17.57,19.37,15.5,-19.67,-17.24,22.7,-22.76,11.36,14.19,11.71,23.38,11.55,-19.78,19.21,-15.04,21.24,19.11,17.81,-10.01,14.29,23.64,12.8,12.93,11.98,11.17,-15.11,17.67,11.04,-17.84,19.92,22.06,11.74,-14.73,19.37,-17.6,10.91,10.73,-17.08,-10.65,21.0,22.57,-23.9,17.39,-21.18,12.54,-24.56
10.16,-24.13,16.72,22.79,19.11,10.65,-24.25,10.8,20.72,-24.92,-11.5,11.95,23.44,10.88,12.62,-14.46,15.56,10.63,13.66,-15.27,11.76,16.74,-10.08,13.26,-20.3,10.39,16.9,13.77,15.6,22.02,18.09,13.78,23.62,13.24,11.72,22.46,24.55,20.05,-13.98,15.68,23.28,22.64,16.76,-15.64,21.56,21.8,-13.31,20.5,-11.99,15.71,13.68,-20.53,18.64,18.55,19.06,13.32,23.14,17.49,22.36,-12.73,21.0,15.95,13.45,17.47,-23.56,-14.04,15.03,20.49,15.74,15.51,17.26,-14.72,-21.9,23.29,-17.91,12.99,13.28,14.42,24.81,23.78,-17.75,21.05,-24.21,23.06,14.32,-17.51,19.51,20.21,17.31,-14.79
-16.93,21.76,-16.44,-23.9,10.18,19.76,20.77,12.41,10.63,16.92,-14.09,11.07,22.2,24.72,-11.21,-21.82,23.26,-21.09,-10.26,20.41,21.69,24.9,13.62,19.78,-14.06,10.83,-17.36,19.15,10.55,-17.83,16.08,23.52,12.88,-15.06,20.57,18.6,16.5,21.56,13.68,-20.51,17.19,-20.0,-23.81,18.88,12.44,22.58,-16.08,13.92,-13.36,-14.23,-17.32,13.68,20.54,-22.21,14.27,13.08,13.59,22.39,12.79,-17.01,-10.89,24.22,-11.6,18.59,-16.12,13.41,12.56,19.68,17.02,-17.25,17.22,20.62,-12.94,19.07,13.11,24.89,10.95,13.4,-11.44,-21.28,16.43,24.0,-15.93,-19.49,24.92,15.92,12.61,10.82,16.68,22.68
21.47,-20.46,12.06,16.02,-14.2,-25.0,17.48,-16.39,19.72,-19.31,24.93,15.34,16.48,-18.32,20.28,22.22,18.1,-19.01,15.61,22.83,-18.87,18.09,16.04,-18.7,15.23,22.79,-18.97,-11.09,-16.66,17.84,20.57,-14.71,-11.02,-11.85,-11.32,16.33,18.67,-17.5,11.9,13.39,21.12,10.09,-18.01,10.17,22.85,16.59,11.84,23.57,-21.84,16.24,16.15,15.74,-23.35,12.66,15.21,18.86,24.19,-21.42,16.14,21.74,-10.54,-10.07,13.27,-21.67,-24.87,20.96,23.07,-16.04,20.09,12.27,24.01,22.89,-12.94,24.65,-14.25,19.16,14.47,-23.28,12.43,23.59,-15.32,20.47,-14.37,-10.45,14.36,17.74,21.61,-19.02,20.14,-17.67
15.67,-12.97,23.47,10.78,12.19,13.3,-10.82,-19.61,20.08,-17.54,-13.31,-16.07,17.81,-15.6,-10.95,18.67,19.25,18.32,-11.28,15.77,19.49,-21.33,17.83,22.57,19.56,-19.62,14.08,10.94,17.77,-18.93,21.04,14.68,15.91,21.48,-20.47,14.62,12.72,16.24,20.64,15.69,22.59,15.55,15.07,21.69,12.48,20.14,17.09,11.26,22.26,14.98,-10.85,13.13,12.65,10.18,-18.99,-13.74,22.42,20.72,-15.48,22.02,22.86,14.44,18.43,-24.13,20.26,-12.49,15.55,13.52,11.31,15.92,21.53,16.23,18.8,13.16,-10.38,11.52,14.53,16.3,-17.69,-11.59,-23.8,21.19,22.54,24.58,22.57,-18.95,16.57,23.93,11.94,-23.94
23.18,13.89,18.63,-14.37,-18.7,11.69,-14.06,16.32,-17.15,-22.69,-10.26,22.95,17.52,-21.96,24.48,19.76,23.74,24.04,10.47,19.42,21.25,-19.3,22.0,-15.55,-19.01,12.64,20.18,20.92,-20.86,20.7,18.64,11.72,18.74,15.79,-20.11,14.8,18.47,-19.95,19.18,22.0,19.92,-11.45,-10.05,10.32,14.34,15.69,-20.22,15.88,24.56,18.6,19.8,13.74,-16.05,-17.89,-10.17,16.91,22.71,-12.46,10.17,21.85,23.68,-17.11,17.42,13.77,-10.9,20.37,24.78,-20.22,19.2,-19.55,12.81,-18.15,-22.32,-16.83,-11.77,16.25,19.56,10.61,20.97,-21.36,20.94,-12.18,20.92,18.48,18.16,20.08,22.86,12.41,-10.2,18.27
-15.66,17.52,15.9,-12.2,-22.09,20.42,19.19,17.68,-10.1,-14.65,-12.54,24.37,23.9,-19.98,-18.3,-11.7,12.83,19.4,17.83,10.19,18.43,19.25,11.61,-11.9,-15.87,14.43,-22.26,16.37,19.16,-24.92,17.04,-19.06,15.16,13.23,20.44,18.33,16.53,21.93,-15.83,-24.01,-20.62,17.36,-11.25,14.51,-23.9,-15.14,14.3,14.82,-17.86,-13.65,13.53,-14.05,17.78,-16.53,-17.46,-14.74,-13.39,-20.59,14.58,14.64,14.42,23.31,13.31,13.27,-21.11,15.83,24.41,15.53,23.2,15.55,10.23,24.35,13.96,23.12,16.44,-10.7,18.06,-13.52,10.59,10.33,20.29,-18.11,15.2,-10.88,24.82,-17.25,14.88,21.86,19.4,17.25
15.33,22.2,20.6,-21.08,-22.25,20.03,-23.12,11.49,24.87,16.39,15.34,14.27,18.86,11.06,17.22,12.06,22.39,15.0,-23.44,-15.76,21.83,15.03,20.12,-18.82,24.95,21.13,16.86,21.82,24.83,16.59,11.88,-18.02,24.17,-14.66,-23.53,16.59,17.64,-19.3,19.65,21.12,24.94,18.29,-11.77,-15.89,-10.31,19.12,23.42,12.54,-20.0,-10.24,18.47,11.27,10.98,-11.38,24.04,21.83,12.93,-20.27,12.81,15.88,-21.92,17.66,-11.43,13.04,-18.5,-23.82,-20.19,16.04,16.86,-22.86,21.16,22.89,23.95,20.16,-13.52,-16.82,19.76,-20.12,16.75,-19.94,14.74,-18.73,23.4,15.92,20.5,17.29,12.63,20.33,-23.24,18.59
-18.74,-21.69,13.28,20.19,-20.1,-20.41,14.77,-13.96,15.71,-24.71,18.1,19.31,19.69,14.95,12.07,-20.0,11.47,13.93,-18.69,-19.61,14.03,17.63,-16.07,-14.81,-14.09,24.13,15.24,17.46,18.47,19.44,21.46,23.95,-20.52,23.84,23.19,23.85,23.91,12.57,15.6,11.8,18.69,23.07,19.67,-22.72,-24.71,-19.75,-15.87,10.92,-16.0,15.81,21.94,14.1,18.62,15.99,23.65,10.9,22.05,-23.68,14.95,19.96,18.13,-14.12,12.33,-24.57,20.74,19.72,24.31,-17.78,12.97,-22.76,23.23,14.71,-17.5,19.83,-11.76,21.96,-17.13,10.6,-21.17,10.3,15.13,11.71,17.57,-22.2,13.93,-20.06,17.51,13.26,20.61,-24.59
13.07,19.29,21.49,11.36,21.55,16.64,22.24,21.71,-19.73,11.81,-12.57,11.65,-15.28,-16.92,22.57,19.61,15.47,18.09,-22.66,10.24,19.92,-19.12,17.47,-17.69,10.78,-18.99,-16.46,24.96,-22.46,22.77,17.17,10.54,11.75,13.9,-11.88,16.43,-13.78,11.68,-10.68,16.42,-16.43,13.5,20.23,11.94,15.1,16.11,18.21,23.7,17.42,12.45,12.2,24.45,-10.79,12.14,16.24,-10.48,12.76,15.9,10.7,22.8,-21.88,11.84,-20.55,15.25,-23.07,10.81,22.8,-16.67,-10.96,14.39,-24.35,22.93,-22.87,14.5,-23.14,19.75,23.36,-22.34,10.9,-10.19,14.05,21.86,-22.07,-24.29,-17.93,18.62,13.9,18.67,12.3,17.6
15.01,22.71,10.42,12.29,16.08,16.9,-13.65,15.24,15.41,21.64,20.79,20.82,19.13,21.99,-21.49,22.31,16.86,-22.47,23.15,-22.32,-12.8,24.89,15.21,-20.38,-11.45,23.57,21.01,23.0,-15.12,-11.88,10.26,-18.19,18.94,16.4,11.07,-21.2,-16.97,11.05,16.48,13.62,12.47,19.9,-11.2,-20.82,19.58,-16.99,17.44,22.81,12.94,-14.57,-18.03,10.04,12.05,20.4,19.7,17.93,19.6,19.6,16.61,17.33,-19.82,22.62,12.42,-18.88,11.63,22.76,-11.51,10.5,16.33,-16.0,-13.62,12.19,23.29,21.38,11.2,24.42,20.54,23.19,14.7,21.2,10.21,18.34,-13.75,10.49,23.1,18.0,21.93,-10.31,16.64,17.25
11.07,23.3,-22.73,24.47,-12.17,-18.2,22.87,23.07,17.64,23.39,23.77,-19.52,-20.14,-23.95,21.82,16.9,-23.39,17.21,21.14,11.65,19.73,17.94,14.31,20.42,-20.18,11.65,19.12,21.08,21.49,-15.79,12.77,11.76,24.38,-19.04,16.72,-23.97,-12.45,16.59,14.78,-10.72,-18.85,17.68,21.9,23.32,-18.82,13.61,14.96,23.86,22.74,-13.24,23.02,22.48,-20.66,20.01,10.94,-22.95,10.31,13.98,-22.33,-15.3,21.97,-11.38,11.61,10.66,15.57,21.44,16.49,-20.26,-15.66,20.73,15.93,-18.47,-16.03,-24.07,-17.47,10.35,17.54,24.83,16.78,-13.48,21.56,15.77,17.12,13.56,17.67,15.72,21.05,-18.8,18.6,12.46
20.27,-20.24,20.35,-19.4,-16.48,12.01,-17.54,-17.71,-22.14,22.16,19.42,11.3,10.9,17.4,22.48,13.39,17.83,10.27,-10.26,-17.45,18.61,-20.42,18.79,-14.63,17.64,-11.49,11.81,-13.89,-16.83,21.97,15.76,20.61,17.56,11.92,20.68,-19.74,21.89,10.99,22.42,18.3,11.19,20.47,22.5,-17.0,22.91,16.74,22.7,11.52,-23.16,16.94,-16.06,-11.29,17.09,-16.82,13.34,15.53,11.54,-20.69,23.02,14.53,-17.84,17.76,15.29,20.49,19.89,13.89,17.82,-18.57,20.43,-19.62,-15.8,11.83,15.57,-22.42,22.96,22.24,19.11,16.44,13.07,11.23,-15.47,18.2,-10.32,21.45,18.48,14.48,13.45,18.22,-16.04,12.6
14.82,21.8,11.68,-12.06,-15.04,16.01,15.68,12.89,-10.58,-21.29,-12.39,12.43,-19.59,14.34,-20.21,-20.01,23.45,23.24,-13.41,22.86,-22.74,-21.59,-17.49,-19.96,23.64,23.6,16.11,-12.55,12.33,-10.21,14.62,-18.12,-20.7,10.97,-13.85,14.74,18.98,24.69,11.69,10.3,17.61,12.66,-16.91,12.43,-19.0,-23.92,18.63,-21.16,13.78,16.13,19.65,-10.54,20.5,24.31,24.94,15.18,16.02,23.79,-19.68,19.02,-12.22,12.92,20.5,15.97,-13.86,14.26,18.5,12.75,18.25,19.13,14.41,13.15,10.13,11.39,14.27,-16.63,-23.16,16.37,15.18,-17.14,18.84,10.75,15.44,-11.22,-14.07,24.7,-12.24,19.74,-10.78,-20.19
-14.41,15.36,21.47,16.47,19.75,-19.27,12.18,15.8,16.52,13.63,-20.64,24.26,15.92,16.7,18.2,-22.25,17.37,15.41,13.34,21.66,12.24,-24.73,22.08,-24.29,-23.97,19.64,13.87,12.44,14.96,20.36,18.88,-22.08,10.41,-21.21,22.64,14.62,11.82,15.47,19.21,24.87,12.43,24.92,-18.66,19.75,19.23,21.99,22.65,-23.86,23.37,11.01,24.09,-16.49,-24.82,-23.14,-19.49,10.83,23.43,17.03,-16.37,15.31,18.22,12.69,-13.33,18.0,11.45,12.72,11.94,24.45,-17.39,23.06,-18.15,-17.58,-20.44,12.34,-24.14,-14.72,23.1,19.14,-16.7,24.44,19.52,18.88,24.22,20.06,-16.91,24.68,-11.77,17.36,12.71,-20.78
-23.17,19.28,24.05,12.67,16.18,13.38,23.38,-24.99,15.88,16.43,15.25,-13.4,18.61,18.15,-20.37,18.53,-21.28,11.65,-17.68,-22.41,-12.11,13.71,-19.64,17.3,-24.4,24.56,-23.04,20.91,21.44,18.21,11.15,21.03,10.36,-21.9,21.37,-18.86,21.76,-22.55,24.47,24.61,16.63,10.63,11.18,13.6,-21.16,23.29,18.44,11.47,15.07,16.94,-18.44,15.21,-23.9,-21.22,24.2,10.38,20.63,18.02,-23.71,13.56,11.96,24.17,-18.97,18.24,-14.02,-23.12,20.36,21.88,-11.2,17.98,11.13,13.52,16.5,-24.32,24.73,20.84,17.9,16.1,19.65,21.45,22.81,-19.45,23.7,16.9,20.53,20.2,17.08,-24.53,13.39,-10.57
20.88,-18.98,-20.81,18.88,20.07,21.5,-11.6,-22.52,-15.12,24.71,13.45,-17.5,-19.02,19.78,13.12,24.12,14.77,12.63,-24.37,18.95,12.25,23.05,13.17,-23.72,-19.2,18.01,22.13,-19.3,21.49,23.4,20.09,11.8,15.56,-23.58,13.25,10.03,24.27,12.93,10.94,-12.81,-10.06,22.61,19.24,-21.19,-20.21,10.31,-22.56,22.68,11.05,22.86,-19.31,21.11,17.91,22.18,21.37,23.87,23.72,17.0,15.36,19.06,12.22,12.85,16.6,-20.51,20.6,13.36,15.18,13.18,-17.84,19.33,16.73,11.94,22.88,-23.98,24.67,-13.13,10.78,20.02,15.84,14.66,12.53,10.44,20.53,21.72,11.46,-21.47,23.78,10.51,-24.02,18.97
-18.27,-21.68,-12.23,20.49,18.29,-11.67,-14.4,16.8,21.63,-15.46,21.16,18.49,-11.66,23.04,-15.08,14.54,-24.23,-15.31,11.82,11.8,22.59,15.9,18.91,-23.55,12.37,19.45,12.86,19.35,23.24,19.01,-10.97,13.8,20.29,20.08,-20.38,15.48,23.24,11.6,18.41,-22.95,-23.4,17.76,18.09,-23.25,13.38,13.3,19.51,-21.3,-17.09,24.23,-21.72,-24.01,23.75,13.94,14.09,13.8,-12.36,17.23,18.61,-19.1,-13.24,24.6,16.86,24.67,-12.69,22.31,24.98,18.76,-20.5,12.63,15.31,19.1,22.85,-20.29,-22.13,17.86,24.2,24.11,-23.36,12.82,18.98,12.7,-23.78,-23.38,23.57,12.16,-19.54,10.07,22.42,-19.58
18.96,22.78,20.84,23.99,24.33,13.94,14.01,23.49,19.36,18.81,13.96,14.33,19.45,24.68,17.04,24.93,20.36,10.09,-20.04,23.77,-17.27,18.31,17.94,-18.01,22.16,-13.41,16.84,20.38,19.3,-16.66,10.35,18.24,-19.66,11.97,18.41,17.5,14.66,-15.49,20.03,-18.17,24.96,14.18,10.51,10.69,-10.54,23.97,17.67,10.69,11.68,23.77,23.9,13.01,13.44,-24.45,24.64,-19.08,22.77,14.81,-22.74,-18.1,-14.76,-17.34,-24.87,13.19,13.7,11.65,-17.31,23.43,-15.91,-18.98,-20.72,-18.22,23.49,23.36,-14.03,13.33,21.84,10.06,22.61,24.84,14.73,10.08,19.78,-24.44,13.03,14.82,18.73,11.73,19.65,11.95
-17.32,22.68,14.97,-20.87,-12.77,10.64,13.23,18.4,17.02,19.48,15.87,-18.14,-20.7,18.27,18.79,20.54,20.53,13.94,23.76,11.47,16.3,-22.92,18.81,12.24,13.74,16.26,18.38,17.96,20.04,13.17,22.33,24.2,10.93,-17.57,15.08,23.67,16.55,22.15,10.86,12.69,-20.9,23.1,23.32,24.1,-11.99,-21.53,22.84,15.81,11.65,17.33,10.17,13.93,18.79,-11.76,14.67,-13.92,20.63,18.02,24.0,24.46,18.46,-16.24,15.59,21.71,11.33,12.1,-22.45,18.71,14.31,11.16,11.12,23.03,17.45,13.23,11.46,16.61,10.33,-17.31,15.21,22.58,18.45,15.47,10.76,-14.8,19.9,-12.21,10.46,-22.64,16.0,16.87
11.45,16.59,10.91,23.31,-20.78,14.4,-19.18,-14.12,13.72,-20.1,-12.23,11.29,12.16,24.73,18.78,15.97,-16.88,17.98,-19.1,-20.87,11.74,10.44,-14.95,-11.85,-24.02,-14.56,23.01,14.39,20.58,23.35,19.6,14.88,22.37,20.4,19.01,-18.2,-19.08,-12.32,16.98,24.58,-18.48,-11.77,-16.09,22.77,15.51,-17.6,-19.7,-15.2,10.97,10.29,14.07,-11.13,-15.76,22.71,22.16,-22.94,-24.48,-22.37,20.84,15.41,-22.69,-19.17,22.02,-18.3,15.63,24.55,-22.06,14.58,17.08,-10.81,17.57,15.5,17.8,16.36,16.05,14.63,22.35,-19.73,24.07,16.91,17.82,10.13,10.29,19.48,10.34,-22.81,23.15,16.02,14.53,-12.05
24.79,17.9,19.13,14.2,16.89,18.52,-13.92,-11.53,-23.09,11.13,-20.56,12.28,-11.23,15.04,22.5,14.55,16.92,20.07,24.01,16.19,19.41,14.75,20.8,-16.06,-13.51,-10.27,-13.36,-11.71,13.99,14.91,16.98,18.51,17.08,18.84,14.3,23.81,19.3,21.9,18.8,22.89,18.11,-21.06,20.13,18.34,-23.44,13.94,22.91,10.61,-23.29,19.51,-17.92,22.64,-10.76,13.23,16.62,20.88,21.62,-18.34,10.93,21.71,14.5,21.68,10.69,23.48,-18.5,18.19,23.63,-15.89,23.46,15.28,14.29,-13.78,23.96,16.69,-12.63,21.83,19.02,14.61,-21.4,-22.41,11.0,-15.77,17.04,23.34,11.84,12.56,11.12,14.41,17.77,-14.73
21.75,-17.49,13.12,20.4,-17.43,20.09,13.52,15.93,18.35,12.55,19.26,16.06,10.68,16.86,19.94,15.33,19.28,-24.15,-11.54,23.52,11.76,11.01,18.03,18.27,23.31,20.89,15.31,16.78,-24.08,22.37,21.77,21.05,17.86,11.98,23.63,21.37,-12.16,20.69,22.0,21.52,14.49,22.25,-22.76,-14.71,-15.75,-21.91,-22.66,16.89,22.76,23.51,12.64,19.12,16.98,-16.49,-24.15,24.21,13.1,14.27,21.43,21.84,-12.16,17.37,-21.23,-23.2,11.33,21.97,-19.2,18.98,20.23,-22.65,-19.43,-20.45,-16.45,-21.7,23.28,24.48,20.47,20.91,-21.25,12.92,17.82,12.62,10.26,18.74,-12.48,21.82,17.72,24.38,-12.6,-10.7
23.07,16.68,23.66,11.86,-24.92,24.79,12.28,-24.47,-18.83,23.07,12.83,-17.78,16.58,17.8,-16.88,-24.69,12.57,-24.78,14.99,21.56,23.02,23.96,21.85,19.25,23.67,-23.56,-18.95,19.79,19.7,19.04,-18.61,20.35,22.6,24.23,11.49,10.27,16.58,-18.58,21.42,24.34,-12.75,13.48,-21.21,11.12,-19.61,17.77,14.59,12.61,11.16,-17.88,-20.73,12.94,-19.32,18.56,24.62,-12.58,17.78,-18.86,13.26,23.21,10.47,-22.79,24.97,-11.82,14.37,-15.37,20.69,-20.34,16.15,-13.64,11.43,12.18,22.42,19.25,15.63,-19.96,-13.91,21.82,24.7,-23.99,16.06,13.19,22.45,-18.35,-11.55,22.42,10.67,20.97,18.54,-12.41
19.11,21.88,16.41,-16.19,-20.08,19.46,18.26,17.39,-24.55,-15.02,-17.23,22.26,20.12,20.44,-16.72,-21.2,14.96,17.42,-14.28,24.45,20.33,13.54,10.4,-24.2,13.36,18.9,18.43,21.98,17.06,-19.26,18.62,10.56,18.56,17.09,-17.55,15.47,15.33,20.02,21.94,11.14,15.74,-15.18,17.31,19.48,-16.01,14.12,23.88,24.04,-14.12,14.11,-13.59,17.75,10.96,10.91,11.54,10.64,14.18,22.39,22.74,22.73,-11.35,21.13,17.42,11.27,-24.34,-22.05,20.56,13.25,20.58,11.51,-21.04,-14.5,11.9,11.57,11.65,24.3,15.19,18.73,13.8,12.8,-15.45,15.66,13.28,-21.57,23.76,-19.6,-22.37,-12.82,19.02,18.13
-14.23,10.65,15.23,13.9,10.38,-23.15,-23.53,23.18,18.16,-13.85,-23.51,-16.37,22.83,-20.01,-24.82,20.99,19.44,-24.23,-19.46,15.06,-16.17,-14.45,24.39,19.68,10.61,15.55,21.88,17.1,10.44,-24.01,10.96,19.21,24.68,22.78,-14.25,-14.73,12.85,11.91,-20.11,17.61,-22.72,-11.49,12.29,-23.83,20.25,-24.29,13.93,-14.68,-14.45,-18.92,-15.71,-16.05,12.21,15.49,16.63,17.12,17.68,13.15,17.69,13.14,14.55,22.63,10.03,14.75,10.86,19.48,19.51,-17.71,23.47,16.68,20.46,13.05,15.9,-23.25,16.7,12.97,23.28,18.04,22.91,-10.1,19.5,-16.97,11.49,13.33,12.52,19.86,24.88,-14.08,14.38,10.64
20.47,-20.51,12.66,-18.25,24.11,-22.19,23.73,16.9,-17.62,15.73,18.57,-19.67,18.33,12.14,-20.19,-17.03,13.04,21.73,-19.77,22.74,-10.94,11.59,17.39,16.06,-11.2,-21.94,-22.14,18.15,12.79,11.31,17.57,12.31,20.96,22.27,-23.27,-20.22,11.7,24.04,15.23,13.51,23.83,19.8,13.0,11.36,16.06,-23.58,24.73,-20.32,13.04,15.51,13.95,-11.99,24.79,-20.05,17.5,19.96,-15.53,18.99,19.35,21.51,-19.3,18.36,22.62,14.78,-15.97,21.12,21.43,-11.62,-20.01,22.56,10.39,18.22,16.66,-11.07,24.73,12.05,21.72,19.44,10.44,20.77,17.63,14.06,-24.29,-15.74,22.55,22.7,22.93,18.37,15.63,24.53
20.58,16.67,13.58,-23.12,15.91,-19.25,20.87,-24.6,10.99,19.19,24.85,18.54,21.68,23.1,16.67,21.09,14.27,16.64,14.86,-20.37,-13.21,22.18,-24.32,12.88,20.56,24.76,15.24,-22.66,-19.59,24.73,-16.13,16.49,11.9,18.21,-13.05,23.75,-16.26,-10.04,-11.28,16.28,-10.14,-12.23,14.47,-22.65,16.77,-19.48,20.67,-19.63,24.71,24.16,10.33,12.85,13.45,24.45,22.33,11.25,20.46,17.17,18.73,20.96,18.9,-11.75,13.66,24.06,12.11,22.98,13.03,13.71,13.91,16.78,-13.23,-12.62,20.12,24.27,21.74,24.27,23.8,-22.14,17.38,-14.51,-16.81,13.38,-18.55,23.47,22.44,24.3,11.46,12.59,-24.88,11.99
10.22,17.11,14.51,-15.0,23.74,-18.79,24.83,-15.02,12.61,-12.81,11.23,23.6,20.11,16.87,15.17,22.79,-14.15,12.53,22.07,11.63,-12.71,20.06,-12.55,14.57,22.84,10.34,19.12,16.8,22.24,24.7,12.82,20.9,12.56,-14.56,20.38,14.65,21.69,21.72,11.13,12.96,20.75,15.01,-12.41,24.17,-21.38,-14.82,20.48,17.23,13.89,13.73,10.24,-23.62,-13.87,10.16,23.2,-15.34,18.13,-24.49,11.61,11.37,18.55,-12.59,15.47,-24.06,-16.96,21.24,17.7,16.18,-16.98,11.16,22.81,16.94,-23.94,11.61,24.16,-14.01,23.49,19.0,14.6,-16.05,10.49,12.28,22.8,13.79,-16.83,-19.2,10.79,22.08,23.36,20.82
23.61,21.03,-14.01,-22.86,13.85,13.77,16.98,-24.19,16.88,17.19,12.59,19.46,-13.51,-15.99,-12.36,12.51,17.94,19.67,22.33,24.79,-19.74,23.76,-21.88,24.64,-21.9,-13.92,22.6,-19.6,-24.46,-18.42,13.9,-21.28,-11.57,-19.65,17.94,-12.33,21.82,23.87,-23.0,17.42,22.72,21.95,22.96,23.62,17.27,-12.46,-19.87,12.45,20.5,10.55,13.9,22.45,-21.96,22.14,24.53,-19.61,-16.66,12.15,-22.74,-11.62,10.11,20.0,-20.47,24.89,20.64,-23.31,16.54,-16.16,14.02,18.32,20.23,-14.29,18.3,24.69,19.1,22.03,-24.9,24.97,16.87,10.28,10.37,-24.4,16.21,-11.88,11.96,17.23,10.21,14.92,15.69,-12.61
21.48,17.19,24.09,20.07,21.75,17.13,20.51,-19.12,13.01,22.88,13.77,16.35,18.92,-24.86,16.87,21.41,19.89,18.81,10.93,13.56,19.94,11.96,-23.16,17.95,11.66,-18.59,-23.61,20.27,14.7,23.78,-13.29,12.96,-12.57,12.79,-19.4,-10.63,10.97,-19.2,-15.07,10.25,19.4,-17.09,19.46,-13.46,17.73,14.7,-22.98,18.59,12.78,16.83,22.13,18.3,-13.44,20.07,21.21,22.86,24.11,12.47,13.87,24.67,-14.41,16.33,21.55,-15.07,11.06,-11.28,-12.85,18.36,24.39,15.35,-12.68,15.66,12.04,-24.41,-20.96,22.52,-19.54,-13.53,13.79,13.4,14.69,-22.79,-12.45,16.44,-21.92,11.41,12.41,18.54,22.69,20.56
12.67,24.52,11.79,-11.65,-24.35,14.92,18.37,-15.15,17.01,24.96,-13.69,14.71,24.34,14.44,19.87,16.62,-14.13,23.53,22.14,-12.61,15.89,-16.84,11.21,18.93,23.93,-21.23,16.62,17.18,-10.1,-20.96,23.61,17.96,15.48,-21.53,23.68,-20.14,17.66,11.08,-10.4,18.75,16.72,22.37,-15.26,18.75,10.18,24.05,22.17,-20.03,22.58,-17.08,-22.6,21.67,18.64,22.92,-24.33,13.39,-12.16,18.45,-18.67,-22.7,20.45,-21.93,23.45,16.02,15.46,18.9,-10.25,10.16,-12.43,10.49,17.14,-21.71,14.14,12.44,18.67,-17.52,10.94,-12.19,-19.39,17.22,14.29,-12.34,14.92,-10.29,15.81,-10.71,20.81,-17.05,-23.42,17.4
-22.85,-10.51,14.29,13.64,13.75,23.59,-22.73,24.3,22.5,16.86,24.64,16.11,-15.28,22.4,15.6,-20.66,15.36,-16.07,12.51,22.28,-18.52,-20.51,16.75,24.46,18.87,17.55,-16.4,18.03,18.79,-23.35,20.81,13.57,11.92,13.85,15.29,22.01,-14.87,-18.17,21.13,14.86,12.29,13.48,12.64,22.91,13.08,19.84,23.07,10.52,13.19,13.86,16.43,-24.64,11.33,15.05,23.69,24.86,20.75,18.73,-24.82,23.35,16.33,21.55,12.82,-14.63,10.41,19.44,12.64,20.61,22.13,17.18,10.34,12.8,-12.6,-16.67,-24.91,10.09,20.57,18.71,-11.62,-11.99,13.81,18.41,14.74,21.82,24.56,-23.73,23.73,-19.93,-11.29,19.47
24.26,23.94,-14.22,11.55,24.29,-23.35,14.16,-13.23,24.85,13.17,16.57,-24.56,24.17,16.06,-22.55,19.68,14.3,20.15,-19.59,17.61,12.67,-20.26,15.38,17.71,21.47,-20.15,-17.85,-20.4,12.29,10.75,-12.45,18.56,11.23,22.62,11.02,-10.82,22.22,11.34,15.41,16.93,23.13,14.63,22.13,-22.15,11.87,18.27,24.4,-12.77,24.07,-17.74,13.32,22.5,-11.63,-22.77,-13.76,17.07,23.09,23.48,13.98,-10.67,23.0,12.11,13.95,14.04,25.0,20.44,-15.36,20.84,19.89,-16.24,11.41,14.22,-15.52,20.52,17.87,10.59,19.68,19.94,20.92,-17.06,23.38,19.19,-14.59,14.46,18.53,-18.38,-11.71,24.37,22.59,22.8
17.93,22.93,14.09,21.63,16.83,24.77,-10.85,12.72,18.93,21.7,12.3,22.71,17.59,-19.27,17.67,-23.91,18.69,-10.82,-10.12,20.44,-15.89,15.56,23.01,-20.05,11.01,13.56,-12.68,-22.9,19.67,-17.09,10.58,20.15,-15.88,10.04,19.53,24.44,16.0,22.69,19.74,13.51,10.68,-24.5,-16.59,23.96,16.37,-19.18,-21.72,18.19,-10.94,18.47,15.88,20.67,19.57,-17.51,17.87,16.41,13.73,19.35,23.87,-11.58,21.97,-23.43,23.15,-14.81,-24.85,12.28,16.26,21.9,-19.67,23.12,11.21,13.58,19.32,15.43,13.6,-22.59,-13.63,19.28,-22.78,23.54,-22.69,-15.99,10.81,12.7,-23.7,-16.61,10.51,21.94,16.42,12.91
21.94,20.35,-17.08,24.7,21.88,18.17,-10.45,-19.91,-22.53,23.4,19.77,-12.78,18.97,17.14,17.21,13.89,16.97,12.09,-20.78,11.23,21.13,19.67,-21.6,20.22,-24.23,-15.37,11.75,-10.38,13.28,22.58,-21.63,-18.73,19.73,10.59,-21.78,13.09,-15.63,24.0,20.92,17.9,16.96,14.67,22.29,12.8,20.7,21.83,-13.32,-14.96,15.78,11.7,21.87,10.83,18.23,-20.87,19.95,21.52,23.86,-17.84,24.3,20.68,-17.39,-25.0,-19.43,12.95,20.24,-10.5,21.63,19.16,22.4,-21.71,10.79,17.16,14.64,12.34,24.5,-15.5,14.13,21.77,23.89,-14.22,23.47,-20.07,-12.54,14.83,20.23,18.58,-12.31,-22.56,21.5,13.66
23.98,20.51,-17.43,-16.51,-10.64,10.31,12.01,19.24,22.17,13.39,15.39,15.91,-16.84,12.25,24.25,-19.65,14.8,-24.01,10.44,12.26,-11.23,-19.39,14.86,24.51,16.06,24.58,17.2,-15.7,21.43,15.75,12.14,-24.6,12.72,12.28,-18.93,14.15,23.95,-10.77,12.39,-17.69,19.5,22.0,20.62,-13.0,19.28,23.09,-19.3,14.38,24.09,13.77,-24.25,11.39,-23.09,15.49,13.78,-21.56,-11.77,12.19,-13.67,11.78,19.67,21.74,22.84,10.28,11.0,-20.31,17.42,-24.52,-16.76,17.67,-13.03,13.65,18.79,18.5,10.14,22.58,-22.1,15.79,17.54,20.84,16.85,-15.86,10.95,17.76,19.18,-17.62,19.49,20.77,-20.18,11.18
20.08,-24.14,10.52,17.88,-20.89,15.18,22.4,-18.57,24.36,20.98,-13.48,14.03,22.07,19.01,11.93,21.71,-11.3,14.31,10.6,16.0,11.46,20.31,17.1,-21.9,19.64,-24.94,21.4,14.95,18.98,17.85,21.32,-18.84,17.62,15.92,22.62,10.22,15.99,22.55,18.28,-20.51,10.17,24.84,23.07,-10.62,-21.84,10.83,-17.35,-16.84,24.73,-13.11,22.7,-17.47,-12.88,16.49,-19.92,20.8,10.72,19.86,10.51,16.38,-19.66,16.14,24.0,12.39,-18.44,17.05,24.5,10.01,-11.36,10.34,-12.1,-16.59,-21.08,18.66,15.27,17.21,15.31,15.26,-15.55,10.74,16.43,15.93,10.55,24.84,24.75,19.25,-12.09,14.39,18.46,16.38
14.79,22.42,10.1,-16.71,24.67,17.59,-19.44,-19.76,-13.36,18.16,19.95,11.37,19.78,-14.15,14.0,24.8,19.73,16.39,-15.39,18.9,20.62,20.08,-16.44,19.79,16.98,14.26,13.64,19.49,14.62,23.66,24.36,16.48,13.61,-16.37,-19.59,21.75,16.94,20.39,16.41,23.7,18.32,12.97,-24.93,-11.88,-12.5,-22.2,11.34,21.21,-13.79,-22.43,-13.98,15.39,21.16,11.5,15.22,24.2,22.07,13.39,12.9,-18.46,-18.86,16.15,17.19,18.19,24.73,-16.47,-20.76,18.67,13.02,15.44,14.51,-12.7,18.17,18.55,15.06,12.19,17.74,-17.88,-23.21,24.29,20.99,-11.45,20.15,21.69,14.58,12.39,18.15,16.19,21.11,-19.14
21.53,12.24,14.59,14.42,16.36,16.27,19.48,-17.36,-14.74,13.11,22.15,-19.19,-10.36,23.1,20.37,23.46,21.77,11.5,-16.09,19.59,18.92,12.0,23.26,23.16,21.14,21.59,22.63,-15.2,20.22,24.84,23.51,-21.24,12.91,16.2,-22.83,-12.97,13.79,12.33,24.33,-19.16,19.03,23.56,11.1,-17.38,15.84,13.42,10.76,21.69,12.35,22.09,12.52,19.56,19.35,-16.26,23.0,10.31,21.66,15.51,-21.39,14.04,17.02,13.06,12.0,13.16,-22.71,17.53,10.92,22.83,-24.26,24.45,-17.82,20.53,-21.33,-23.76,19.11,-19.51,-15.09,24.98,18.84,19.81,13.37,20.1,-15.4,18.5,12.79,-22.49,-11.11,21.32,20.15,-13.92
12.69,23.09,-15.04,18.3,-14.2,19.73,10.91,17.49,24.95,20.71,23.91,-16.07,-18.39,-23.3,15.22,14.04,22.79,-19.94,-14.78,15.41,18.29,-24.15,-19.31,21.68,13.89,23.03,-21.63,-16.74,20.95,22.63,19.93,24.94,-10.19,-15.84,18.33,21.31,10.06,23.2,-17.94,18.53,-17.21,17.28,11.04,24.21,10.11,23.85,24.62,19.04,19.75,19.03,-18.23,20.21,23.26,13.74,22.47,-20.19,22.19,10.18,-23.79,22.74,-12.93,20.98,-13.03,16.15,23.19,-24.75,-21.65,-22.91,-20.54,19.1,20.51,22.32,15.04,-16.48,19.38,-18.73,16.5,10.1,20.1,12.69,16.83,18.35,21.62,16.18,11.61,22.26,-18.84,11.74,15.52,-15.55
12.27,24.07,-11.92,18.64,-14.3,10.03,-23.52,-15.12,20.11,11.13,16.88,17.89,13.58,17.43,10.34,-14.85,11.33,-14.96,14.17,12.38,-10.61,16.87,23.77,-21.31,17.08,23.27,-13.56,21.26,17.3,-21.35,13.19,-19.27,18.63,16.95,21.91,21.99,21.49,-21.34,-10.61,-20.16,-16.45,17.46,21.84,-21.85,19.75,16.17,15.7,17.24,-21.16,11.39,19.17,-19.4,10.82,20.97,-17.07,16.19,23.19,19.39,-19.42,17.71,16.46,-16.35,11.3,22.91,-20.36,-12.63,-23.57,-10.39,15.11,17.31,16.0,13.55,-23.79,22.21,19.79,-20.5,19.61,-13.01,-22.34,21.54,-21.66,17.56,-22.79,-20.95,16.31,-21.62,-17.28,20.45,-11.0,-17.25
-13.79,17.62,-12.54,-15.33,17.66,-12.08,15.36,23.16,13.3,11.06,12.1,-10.67,20.71,11.32,-20.19,-23.8,14.16,18.47,11.22,13.51,-17.05,-16.89,-24.37,14.02,20.35,-16.73,22.2,19.78,19.42,11.36,22.95,-14.43,-20.98,14.04,22.06,14.08,23.47,23.12,-13.82,23.25,-23.29,17.56,10.16,14.66,20.3,16.76,11.43,-12.08,-19.87,21.05,18.89,-11.38,22.8,11.88,13.7,10.23,12.52,22.56,13.23,19.96,-14.42,17.96,11.63,23.95,24.36,19.08,14.8,15.2,19.39,11.79,24.2,-11.08,18.23,-20.14,14.11,15.44,13.72,11.37,11.17,19.5,13.9,-24.96,-22.19,13.05,22.96,-16.54,15.33,11.82,16.1,19.59
